0 0 763 837 184 0 986 534 0 972 573 432 379 937 0 177 170 826 431 0 483 0 41 0 333 356 0 90 974 586 0 268 201 241 900 436 0 99 494 405 0 698 92 0 267 752 532 963 371 647 580 92 246 665 1 224 76 0 168 569 0 198 0 246 825 0 907 952 589 698 0 465 1 625 0 945 88 0 336 395 631 0 528 838 0 982 616 258 511 0 882 466 145 964 801 107 731 985 824 233 849 269 635 0 0 309 388 0 0 225 259 0 98 452 521 772 380 343 307 
0 0 0 0 0 0 0 0 11 0 0 716 733 268 893 30 537 705 981 423 214 0 0 656 716 0 640 436 679 61 275 970 630 396 557 102 754 137 0 0 720 104 0 229 184 14 134 134 826 239 700 304 129 438 582 47 456 801 41 469 923 456 0 334 56 255 517 806 251 347 0 860 46 0 448 595 862 726 810 438 743 27 0 0 273 513 892 50 282 944 316 982 381 99 249 520 262 115 203 466 27 352 0 217 123 299 0 0 102 0 0 180 642 146 305 420 345 355 482 
763 0 0 142 542 659 483 502 532 0 0 0 0 266 0 0 750 883 26 0 463 0 527 670 294 7 0 449 710 0 0 364 65 0 0 502 154 840 0 45 575 549 931 720 255 0 664 234 325 300 466 185 399 0 353 0 0 0 770 297 566 74 343 0 0 71 553 665 326 182 0 114 964 665 668 990 0 0 472 208 0 0 165 935 0 594 166 978 0 660 104 759 308 0 180 8 450 442 867 670 641 108 0 662 383 214 222 0 538 0 0 0 824 0 287 0 242 490 236 
837 0 142 0 361 0 410 422 223 985 260 209 628 537 591 827 325 532 0 215 509 829 0 641 974 0 471 0 945 77 801 570 73 77 751 909 0 901 740 78 248 690 259 575 436 0 0 0 0 640 669 409 280 0 554 580 176 0 0 0 266 508 0 0 147 0 0 0 295 108 318 0 146 667 0 539 0 253 0 907 232 955 383 699 0 0 0 910 85 0 0 0 288 685 415 31 930 259 73 218 581 684 633 374 844 462 862 892 87 813 0 0 0 204 0 842 181 367 33 
184 0 542 361 0 331 532 573 0 552 569 121 846 15 333 457 0 639 175 937 79 955 914 722 540 32 30 916 0 0 0 797 476 0 0 974 166 294 370 806 0 392 262 544 846 0 623 530 0 503 535 741 0 832 850 0 528 833 358 458 169 767 0 890 475 931 896 333 420 0 0 153 420 960 0 0 984 396 280 910 636 0 330 482 368 208 41 305 269 852 640 503 991 0 827 788 899 0 0 876 809 0 902 0 161 988 86 585 500 716 832 923 0 557 0 0 475 128 622 
0 0 659 0 331 0 0 423 374 595 262 310 474 837 313 4 0 212 987 768 0 0 881 169 0 843 0 644 0 662 880 0 0 449 446 89 700 0 418 293 910 241 348 0 0 968 933 0 221 832 851 492 873 437 283 345 611 690 605 695 461 0 294 184 657 378 0 639 414 307 320 99 0 0 883 140 973 220 900 368 277 0 892 848 113 428 551 94 0 0 227 992 0 233 954 0 0 628 118 252 222 0 356 641 513 0 451 442 219 0 653 295 791 0 891 617 0 803 675 
986 0 483 410 532 0 0 990 129 582 344 831 0 591 822 114 336 925 0 900 973 637 664 782 604 236 671 950 897 216 850 0 336 0 162 420 134 748 337 794 663 537 0 176 840 0 563 388 646 672 977 27 0 0 716 442 486 648 905 326 389 958 660 61 439 932 0 240 0 897 341 0 975 187 359 0 0 803 394 29 949 58 227 394 0 831 462 0 528 561 296 163 242 450 202 203 573 674 0 0 335 536 785 13 390 563 0 0 499 0 101 350 647 463 0 621 668 0 323 
534 0 502 422 573 423 990 0 0 483 682 0 739 0 979 51 697 0 656 528 730 178 377 43 975 94 161 772 108 682 811 956 324 232 452 459 41 1 702 668 0 0 468 0 0 378 954 0 0 185 393 27 887 402 0 234 486 422 720 991 0 868 339 0 572 707 853 405 0 262 88 0 390 855 0 848 186 0 0 976 799 671 0 0 444 662 437 609 417 924 0 0 107 86 0 23 584 53 291 647 131 980 213 534 246 972 10 0 0 646 0 978 235 275 809 0 349 0 0 
0 11 532 223 0 374 129 0 0 0 310 536 65 920 810 0 454 515 0 282 0 0 910 0 173 760 500 24 546 160 901 216 677 649 898 536 259 779 256 498 186 15 344 328 620 942 144 544 47 0 392 797 963 391 0 188 68 306 33 94 0 134 960 468 40 757 0 278 0 556 714 980 339 685 243 0 197 195 263 349 0 35 856 879 0 76 0 820 181 0 191 0 0 315 113 128 0 28 924 57 825 879 235 0 708 7 0 0 0 743 344 846 280 196 604 540 406 595 99 
972 0 0 985 552 595 582 483 0 0 881 708 368 0 0 113 156 383 476 441 564 776 0 0 890 845 805 0 0 888 784 719 52 151 438 434 0 0 953 848 321 984 278 284 394 0 479 141 208 0 262 305 204 352 70 261 725 205 809 373 0 0 184 569 600 716 208 273 0 87 0 936 0 943 0 981 406 39 924 325 743 610 249 500 342 973 696 136 68 0 275 482 498 385 857 220 546 936 861 0 51 329 0 810 107 309 580 387 269 875 712 30 310 204 921 836 288 0 619 
573 0 0 260 569 262 344 682 310 881 0 0 861 425 664 0 0 0 997 560 82 490 255 706 970 0 353 5 0 992 533 0 0 302 933 178 980 36 609 0 841 223 379 537 275 0 495 799 618 98 675 820 270 0 0 0 206 605 0 874 735 130 821 817 428 0 277 778 0 268 19 402 191 880 29 744 59 0 627 723 100 575 0 0 947 516 0 681 323 752 146 875 0 46 794 575 183 161 429 552 0 753 827 0 799 408 0 620 502 353 0 638 359 707 0 555 31 0 228 
432 716 0 209 121 310 831 0 536 708 0 0 30 69 0 556 163 440 875 543 501 807 0 0 419 681 371 344 362 49 645 607 269 0 803 366 744 975 0 881 557 137 727 851 934 102 0 0 896 0 677 0 0 2 431 596 398 26 237 0 0 0 0 972 643 687 606 630 591 174 213 946 554 0 898 770 150 276 93 852 0 459 0 339 0 758 287 679 0 407 543 605 326 918 723 296 0 69 510 0 0 669 0 0 349 703 886 541 0 141 706 937 519 741 899 941 951 0 408 
379 733 0 628 846 474 0 739 65 368 861 30 0 0 455 329 638 868 0 0 746 894 715 0 39 164 0 93 220 0 694 355 794 0 588 0 442 0 0 0 315 104 84 332 827 992 682 672 309 245 30 652 610 0 114 859 378 112 0 372 0 789 880 766 909 0 0 350 965 0 524 962 412 0 560 399 217 591 0 0 521 225 62 0 16 937 772 601 0 846 403 0 803 350 613 661 422 476 723 343 364 847 799 594 24 552 0 0 0 0 569 0 871 316 0 648 0 918 702 
937 268 266 537 15 837 591 0 920 0 425 69 0 0 877 0 62 400 426 0 18 918 708 79 537 929 780 26 0 11 64 72 991 64 0 210 240 56 698 683 138 359 473 341 269 612 877 916 489 748 0 38 314 125 0 658 36 0 871 564 229 265 0 59 0 950 719 691 0 296 0 414 17 677 2 959 527 631 670 875 155 343 560 558 0 0 770 43 0 0 0 0 553 993 260 961 254 730 0 630 107 952 933 639 0 639 488 75 965 720 844 0 378 76 0 435 0 0 944 
0 893 0 591 333 313 822 979 810 0 664 0 455 877 0 0 0 0 181 0 565 0 547 508 322 751 0 575 91 0 0 0 749 559 0 0 0 444 677 0 0 852 326 381 293 183 782 562 832 0 618 821 67 0 341 455 0 64 822 60 261 964 379 0 0 0 0 323 330 821 211 0 542 791 660 826 0 991 592 67 447 566 0 276 0 967 765 720 0 524 642 670 642 0 669 0 309 936 109 998 860 97 158 0 541 132 907 488 601 277 759 844 631 446 0 700 699 155 857 
177 30 0 827 457 4 114 51 0 113 0 556 329 0 0 0 0 609 391 981 311 458 469 0 0 221 696 274 611 982 745 943 538 0 866 118 834 196 0 407 607 369 587 686 295 643 241 600 814 327 481 240 580 932 605 35 0 769 553 947 378 552 182 0 58 5 0 811 0 568 0 518 779 62 641 381 207 613 329 936 490 446 325 263 75 0 537 235 642 285 313 560 0 937 134 0 0 0 43 161 989 819 783 518 16 15 18 0 0 0 717 0 875 0 783 990 423 0 0 
170 537 750 325 0 0 336 697 454 156 0 163 638 62 0 0 0 0 36 343 388 712 694 468 376 443 156 280 107 984 469 0 907 66 0 564 747 0 668 500 0 321 0 654 72 709 295 98 0 974 0 470 72 0 18 0 0 354 155 0 425 0 315 0 245 135 0 0 643 216 32 555 918 340 266 238 170 200 553 897 874 302 80 739 0 923 57 986 889 980 891 891 330 0 406 288 592 756 40 882 645 844 847 799 0 350 0 31 337 566 85 0 741 162 0 584 0 0 0 
826 705 883 532 639 212 925 0 515 383 0 440 868 400 0 609 0 0 870 746 0 0 0 74 486 280 768 236 0 698 735 130 451 160 99 906 475 55 0 0 294 754 391 773 0 821 87 278 0 941 426 810 677 992 877 390 276 853 876 798 441 809 363 0 0 0 532 583 288 0 374 433 741 998 926 487 476 351 178 956 221 309 248 565 466 363 979 0 967 256 0 247 577 0 822 0 712 568 269 637 393 29 621 715 228 199 525 0 494 365 669 230 725 644 289 0 0 0 564 
431 981 26 0 175 987 0 656 0 476 997 875 0 426 181 391 36 870 0 153 470 519 640 411 0 0 528 217 861 776 0 437 263 685 82 640 57 437 330 0 0 348 0 0 61 372 831 97 375 0 615 335 180 884 105 238 490 645 306 55 49 335 622 0 850 832 55 799 857 365 895 524 686 188 435 40 566 887 498 0 249 509 241 694 704 371 0 950 470 66 773 0 647 899 925 0 401 0 0 0 995 0 471 443 785 834 611 150 73 689 721 0 13 0 449 594 871 212 0 
0 423 0 215 937 768 900 528 282 441 560 543 0 0 0 981 343 746 153 0 358 803 0 0 963 0 0 845 608 810 66 336 183 297 912 501 777 781 266 475 155 0 0 0 594 546 820 691 41 697 272 637 391 0 0 385 828 929 201 205 0 120 839 431 650 439 0 47 0 441 993 618 198 857 426 509 0 764 101 428 0 374 885 181 509 946 908 913 21 352 354 766 825 217 532 282 729 78 0 351 341 0 0 449 432 807 51 821 847 436 418 0 0 0 728 74 38 556 45 
483 214 463 509 79 0 973 730 0 564 82 501 746 18 565 311 388 0 470 358 0 208 755 596 35 0 155 38 466 526 607 614 556 101 0 828 706 0 409 959 0 505 793 854 805 104 535 0 279 929 206 917 311 0 966 864 582 744 55 204 650 395 478 292 170 294 875 249 0 0 0 0 391 585 0 53 234 503 0 182 23 121 227 677 76 686 70 534 0 0 895 0 983 276 430 94 218 0 0 563 828 0 0 0 445 735 177 260 362 221 821 579 795 39 292 329 708 425 606 
0 0 0 829 955 0 637 178 0 776 490 807 894 918 0 458 712 0 519 803 208 0 541 476 823 0 0 0 301 0 30 826 247 889 348 156 690 988 0 405 389 319 606 829 0 827 621 0 710 177 584 924 0 0 344 369 36 0 914 56 483 999 327 0 833 352 287 397 274 6 0 0 570 739 237 339 159 0 482 664 0 0 112 652 669 622 0 823 618 328 0 0 836 307 821 945 0 474 842 904 130 0 0 834 929 839 405 800 412 0 867 0 171 342 801 41 290 85 725 
41 0 527 0 914 881 664 377 910 0 255 0 715 708 547 469 694 0 640 0 755 541 0 0 549 0 0 194 0 110 239 496 0 740 0 774 407 936 0 625 0 445 0 0 0 626 364 745 785 372 300 818 876 719 665 624 566 0 201 371 0 221 797 0 879 847 0 0 432 870 620 999 399 306 0 628 613 892 4 0 463 246 625 167 93 945 470 0 225 738 0 429 0 22 0 165 232 378 398 0 14 0 566 456 424 406 980 0 0 0 48 0 0 3 882 83 390 163 404 
0 656 670 641 722 169 782 43 0 0 706 0 0 79 508 0 468 74 411 0 596 476 0 0 362 944 94 572 863 926 840 351 290 253 880 485 297 116 983 0 741 834 591 16 0 0 0 575 0 767 0 0 0 941 190 827 816 479 948 428 461 522 188 0 278 176 0 895 563 702 976 444 0 788 198 794 601 259 670 934 0 185 692 310 0 289 588 278 0 951 574 554 892 561 0 415 312 399 622 945 167 809 0 212 0 885 155 274 0 0 338 163 0 955 347 747 0 0 0 
333 716 294 974 540 0 604 975 173 890 970 419 39 537 322 0 376 486 0 963 35 823 549 362 0 0 0 493 237 127 61 977 0 467 914 167 0 388 0 38 789 271 274 880 335 181 47 829 345 122 0 0 152 905 0 889 0 281 865 101 330 179 475 792 0 0 257 544 568 131 257 35 606 983 656 674 277 0 688 456 222 0 695 708 978 0 0 955 286 758 385 150 0 0 0 862 725 0 629 198 0 42 754 93 0 547 576 979 910 0 508 249 706 0 646 667 888 565 0 
356 0 7 0 32 843 236 94 760 845 0 681 164 929 751 221 443 280 0 0 0 0 0 944 0 0 0 159 0 994 542 488 731 710 745 473 256 175 722 729 0 381 562 436 68 741 556 54 0 0 656 610 513 205 162 218 0 342 0 77 0 0 452 0 379 0 508 988 182 99 466 787 476 0 966 0 0 33 748 50 478 0 550 432 0 765 801 0 0 129 664 624 966 285 790 213 839 0 0 0 811 576 303 77 0 291 867 374 980 94 17 780 917 0 393 543 0 580 0 
0 640 0 471 30 0 671 161 500 805 353 371 0 780 0 696 156 768 528 0 155 0 0 94 0 0 0 320 20 0 930 31 348 871 49 463 0 704 0 343 710 427 0 0 196 630 336 377 93 195 361 987 21 464 396 0 0 260 674 0 228 0 0 296 0 715 0 0 531 899 425 985 318 792 0 189 0 864 0 0 195 47 0 516 647 547 807 0 417 124 0 711 124 355 0 120 945 480 0 989 176 352 861 388 771 484 0 367 529 585 771 377 0 265 609 869 235 778 544 
90 436 449 0 916 644 950 772 24 0 5 344 93 26 575 274 280 236 217 845 38 0 194 572 493 159 320 0 444 591 389 424 675 0 813 395 230 852 463 0 325 667 0 338 386 82 416 718 801 0 0 0 882 462 0 308 623 104 206 0 962 0 962 699 0 876 263 24 205 105 424 211 841 965 217 674 673 83 97 853 909 426 0 824 230 0 263 419 733 601 777 741 125 903 0 0 0 0 0 321 57 0 0 96 0 995 45 0 0 78 610 0 242 0 145 45 385 0 0 
974 679 710 945 0 0 897 108 546 0 0 362 220 0 91 611 107 0 861 608 466 301 0 863 237 0 20 444 0 255 928 0 694 0 319 514 0 345 0 2 983 921 914 0 87 0 169 198 721 647 0 649 505 772 696 513 308 978 807 0 920 97 0 0 379 0 666 42 650 559 78 938 832 918 731 684 342 819 174 388 196 463 186 0 434 94 855 460 416 812 773 919 0 124 849 0 842 282 0 470 7 384 114 820 853 984 361 721 164 784 898 715 159 365 712 961 697 399 0 
586 61 0 77 0 662 216 682 160 888 992 49 0 11 0 982 984 698 776 810 526 0 110 926 127 994 0 591 255 0 165 272 231 391 0 459 335 426 188 0 542 276 0 804 0 860 663 0 0 515 305 0 505 472 780 0 117 663 148 0 138 675 961 36 247 626 0 0 754 39 554 48 0 322 661 123 968 440 414 0 187 101 524 474 341 0 882 778 242 446 764 0 700 748 359 0 887 0 211 316 633 64 116 0 612 0 0 175 0 0 373 680 0 54 11 0 844 258 0 
0 275 0 801 0 880 850 811 901 784 533 645 694 64 0 745 469 735 0 66 607 30 239 840 61 542 930 389 928 165 0 0 787 796 864 403 84 0 706 971 880 507 280 109 411 30 0 0 0 974 676 688 39 191 507 526 851 46 373 396 897 282 479 0 595 896 260 833 458 983 400 0 967 416 0 206 102 730 88 0 756 0 259 339 572 867 709 5 407 0 790 316 743 0 519 849 590 529 67 0 768 202 441 855 960 803 608 0 604 128 6 0 381 0 674 0 276 610 38 
268 970 364 570 797 0 0 956 216 719 0 607 355 72 0 943 0 130 437 336 614 826 496 351 977 488 31 424 0 272 0 0 154 597 0 0 951 508 344 265 673 800 0 557 0 393 554 0 0 755 436 639 407 181 337 105 0 0 205 111 447 135 622 66 414 221 0 877 0 0 840 168 494 309 659 20 217 149 544 0 714 393 174 556 701 910 0 94 897 0 632 739 579 0 980 920 0 0 132 0 690 579 0 554 500 961 490 0 915 550 516 0 415 734 418 120 400 138 277 
201 630 65 73 476 0 336 324 677 52 0 269 794 991 749 538 907 451 263 183 556 247 0 290 0 731 348 675 694 231 787 154 0 685 194 97 0 519 36 902 70 694 0 987 215 841 840 0 0 268 669 151 400 674 0 351 0 0 0 8 457 0 791 338 90 86 516 323 380 67 0 0 0 906 35 848 553 0 0 256 0 699 370 964 924 0 370 326 729 175 572 0 969 811 17 56 0 0 850 417 0 0 142 439 592 100 0 759 0 913 0 129 0 351 442 144 0 235 0 
241 396 0 77 0 449 0 232 649 151 302 0 0 64 559 0 66 160 685 297 101 889 740 253 467 710 871 0 0 391 796 597 685 0 304 0 3 97 0 85 423 530 821 93 864 136 123 463 148 592 256 0 547 0 373 337 346 175 854 726 0 102 0 426 714 0 31 0 0 59 511 0 634 11 299 180 330 646 0 0 0 460 82 828 511 0 223 230 52 0 266 80 550 471 0 846 0 0 0 431 0 771 873 640 933 701 0 0 554 623 224 14 525 325 697 477 0 857 0 
900 557 0 751 0 446 162 452 898 438 933 803 588 0 0 866 0 99 82 912 0 348 0 880 914 745 49 813 319 0 864 0 194 304 0 13 499 387 729 970 758 896 272 981 686 121 0 342 788 419 432 0 0 137 0 0 0 0 523 229 612 0 0 319 431 912 696 261 932 883 770 421 857 452 0 344 405 0 500 0 797 223 184 283 726 569 0 2 265 103 493 676 839 862 0 14 748 0 380 0 299 83 312 0 0 0 117 250 442 0 43 25 64 282 43 37 243 299 343 
436 102 502 909 974 89 420 459 536 434 178 366 0 210 0 118 564 906 640 501 828 156 774 485 167 473 463 395 514 459 403 0 97 0 13 0 527 123 713 444 755 111 0 336 539 0 276 367 0 719 0 0 593 0 0 246 649 0 645 0 506 395 548 3 105 893 0 158 741 215 0 542 44 719 296 0 949 279 761 0 230 0 621 0 812 618 0 46 0 935 0 952 0 719 195 862 481 885 5 0 173 804 0 93 751 205 955 914 0 456 660 532 60 110 945 415 975 0 934 
0 754 154 0 166 700 134 41 259 0 980 744 442 240 0 834 747 475 57 777 706 690 407 297 0 256 0 230 0 335 84 951 0 3 499 527 0 0 406 329 842 100 0 0 538 697 694 0 385 0 0 32 821 247 274 494 0 698 445 735 327 0 29 873 108 138 72 0 818 198 0 489 928 27 58 901 0 785 623 235 0 734 908 0 625 339 477 574 206 84 574 411 628 272 870 0 728 302 430 980 0 0 684 994 900 0 0 835 226 358 193 365 184 0 117 759 269 0 792 
99 137 840 901 294 0 748 1 779 0 36 975 0 56 444 196 0 55 437 781 0 988 936 116 388 175 704 852 345 426 0 508 519 97 387 123 0 0 334 935 200 661 0 0 156 151 85 0 573 958 591 90 152 745 795 232 993 339 0 885 20 191 146 327 822 773 791 461 0 472 262 432 330 924 651 334 151 0 572 0 0 0 20 298 202 988 39 218 535 730 169 158 410 0 54 703 317 857 935 235 0 532 112 501 0 0 0 662 667 441 462 0 972 601 378 268 0 0 0 
494 0 0 740 370 418 337 702 256 953 609 0 0 698 677 0 668 0 330 266 409 0 0 983 0 722 0 463 0 188 706 344 36 0 729 713 406 334 0 734 154 731 676 0 789 838 346 380 327 113 353 651 589 694 483 568 468 915 950 926 558 0 54 0 48 167 0 0 75 863 783 184 126 747 781 848 989 889 911 0 55 0 766 279 133 0 737 345 0 814 709 0 670 965 897 548 0 211 0 233 239 777 0 959 856 309 10 121 0 286 0 709 0 153 0 0 881 29 210 
405 0 45 78 806 293 794 668 498 848 0 881 0 683 0 407 500 0 0 475 959 405 625 0 38 729 343 0 2 0 971 265 902 85 970 444 329 935 734 0 0 623 4 510 8 0 202 530 823 0 774 147 882 0 999 0 691 0 790 710 287 942 0 142 176 839 0 872 626 176 585 479 371 835 0 917 798 379 644 213 698 101 0 515 219 289 0 702 0 503 0 0 208 699 128 0 250 598 197 651 298 407 762 476 273 970 0 676 0 0 321 133 0 162 923 0 936 0 946 
0 720 575 248 0 910 663 0 186 321 841 557 315 138 0 607 0 294 0 155 0 389 0 741 789 0 710 325 983 542 880 673 70 423 758 755 842 200 154 0 0 0 206 0 143 853 397 0 464 0 792 715 963 219 770 660 0 934 537 0 354 452 0 526 428 898 0 0 287 0 190 0 0 62 0 0 0 528 0 992 0 776 958 7 570 0 10 505 0 218 235 373 447 981 634 453 0 344 0 970 463 0 156 253 38 868 50 0 236 877 212 0 202 793 887 0 340 515 541 
698 104 549 690 392 241 537 0 15 984 223 137 104 359 852 369 321 754 348 0 505 319 445 834 271 381 427 667 921 276 507 800 694 530 896 111 100 661 731 623 0 0 632 242 948 427 682 482 73 1 873 214 0 944 475 0 667 774 995 0 467 221 0 0 683 880 300 0 732 822 954 588 269 41 963 887 0 0 865 123 538 0 386 788 0 0 388 302 0 842 72 314 931 86 463 40 163 789 211 329 125 50 0 858 988 165 370 469 362 0 131 230 0 293 42 0 608 16 601 
92 0 931 259 262 348 0 468 344 278 379 727 84 473 326 587 0 391 0 0 793 606 0 591 274 562 0 0 914 0 280 0 0 821 272 0 0 0 676 4 206 632 0 745 80 745 480 505 817 226 0 736 879 498 0 341 0 0 142 348 0 82 26 334 17 0 402 0 10 346 598 84 233 936 441 554 0 0 238 704 562 356 496 632 387 0 0 277 998 476 440 0 142 288 987 354 620 653 547 0 4 0 970 210 892 0 274 762 310 957 434 924 117 96 0 0 0 489 499 
0 229 720 575 544 0 176 0 328 284 537 851 332 341 381 686 654 773 0 0 854 829 0 16 880 436 0 338 0 804 109 557 987 93 981 336 0 0 0 510 0 242 745 0 829 786 44 364 702 997 0 6 920 233 692 391 492 133 478 617 912 0 0 0 0 0 767 871 69 2 0 890 756 735 896 579 875 0 498 225 329 684 0 423 274 26 67 420 842 445 0 131 0 535 551 0 47 93 587 844 766 615 0 125 446 583 493 0 0 80 439 965 0 0 415 831 0 740 664 
267 184 255 436 846 0 840 0 620 394 275 934 827 269 293 295 72 0 61 594 805 0 0 0 335 68 196 386 87 0 411 0 215 864 686 539 538 156 789 8 143 948 80 829 0 10 285 404 0 603 453 208 931 0 906 787 598 705 894 437 506 701 880 0 326 507 263 0 0 501 0 339 136 0 321 0 141 142 466 658 0 0 589 0 944 790 267 0 272 695 0 646 629 316 543 0 160 933 70 393 404 395 0 649 691 805 639 648 590 388 764 406 329 528 0 545 965 652 299 
752 14 0 0 0 968 0 378 942 0 0 102 992 612 183 643 709 821 372 546 104 827 626 0 181 741 630 82 0 860 30 393 841 136 121 0 697 151 838 0 853 427 745 786 10 0 424 347 0 0 240 359 275 0 956 52 816 443 366 0 0 612 0 0 52 710 0 0 48 0 0 847 145 0 44 0 0 0 359 674 589 850 521 60 718 362 932 294 465 0 49 630 888 711 676 0 79 0 201 462 763 830 203 0 184 212 0 693 774 797 20 586 595 642 445 814 749 0 249 
532 134 664 0 623 933 563 954 144 479 495 0 682 877 782 241 295 87 831 820 535 621 364 0 47 556 336 416 169 663 0 554 840 123 0 276 694 85 346 202 397 682 480 44 285 424 0 714 0 655 839 819 577 919 963 0 705 670 306 205 0 0 0 633 597 0 0 577 0 241 0 0 182 0 21 992 608 861 0 0 419 4 187 708 0 620 171 0 0 425 84 0 666 871 0 61 60 722 413 0 0 558 497 0 880 0 855 259 951 0 0 6 867 0 750 74 214 326 881 
963 134 234 0 530 0 388 0 544 141 799 0 672 916 562 600 98 278 97 691 0 0 745 575 829 54 377 718 198 0 0 0 0 463 342 367 0 0 380 530 0 482 505 364 404 347 714 0 0 921 146 0 0 0 0 97 0 594 541 568 0 174 430 290 197 715 887 0 515 532 0 788 0 964 390 619 92 826 333 755 719 0 555 252 872 0 0 943 560 0 616 657 700 8 126 199 796 985 680 515 517 844 0 228 957 0 12 899 685 251 624 646 234 0 0 257 950 50 0 
371 826 325 0 0 221 646 0 47 208 618 896 309 489 832 814 0 0 375 41 279 710 785 0 345 0 93 801 721 0 0 0 0 148 788 0 385 573 327 823 464 73 817 702 0 0 0 0 0 840 758 0 0 638 490 794 0 807 674 401 78 0 13 70 1 282 749 0 836 103 546 546 560 852 195 693 455 0 437 0 599 802 192 13 891 0 994 0 600 889 414 511 847 0 0 667 31 0 77 867 166 792 0 0 724 926 896 506 800 0 247 0 334 0 491 0 376 888 143 
647 239 300 640 503 832 672 185 0 0 98 0 245 748 0 327 974 941 0 697 929 177 372 767 122 0 195 0 647 515 974 755 268 592 419 719 0 958 113 0 0 1 226 997 603 0 655 921 840 0 266 817 0 894 0 0 0 506 790 0 680 187 33 422 385 562 316 0 948 934 0 0 646 582 0 0 700 878 0 195 412 722 0 183 767 667 344 523 491 0 349 287 798 0 836 445 0 717 467 240 0 901 827 338 975 493 952 0 0 754 771 192 506 532 138 739 185 564 40 
580 700 466 669 535 851 977 393 392 262 675 677 30 0 618 481 0 426 615 272 206 584 300 0 0 656 361 0 0 305 676 436 669 256 432 0 0 591 353 774 792 873 0 0 453 240 839 146 758 266 0 889 437 19 369 0 328 0 438 917 25 524 499 0 774 90 418 809 209 483 0 0 446 130 489 6 847 0 752 839 578 990 76 0 0 776 0 976 106 641 559 621 0 876 0 394 312 2 0 353 0 449 390 0 949 374 550 773 0 19 863 963 166 890 756 650 45 0 985 
92 304 185 409 741 492 27 27 797 305 820 0 652 38 821 240 470 810 335 637 917 924 818 0 0 610 987 0 649 0 688 639 151 0 0 0 32 90 651 147 715 214 736 6 208 359 819 0 0 817 889 0 850 0 913 620 112 463 202 999 947 0 0 784 0 259 701 491 454 52 774 544 251 0 778 238 433 724 0 628 0 962 920 25 453 914 0 554 0 45 851 31 727 179 89 0 938 550 69 0 126 295 589 691 584 0 532 508 892 405 409 0 567 795 867 471 0 81 792 
246 129 399 280 0 873 0 887 963 204 270 0 610 314 67 580 72 677 180 391 311 0 876 0 152 513 21 882 505 505 39 407 400 547 0 593 821 152 589 882 963 0 879 920 931 275 577 0 0 0 437 850 0 0 680 465 400 0 663 15 595 309 151 769 372 428 451 65 64 520 622 542 949 160 0 0 148 210 972 0 57 66 381 223 0 0 0 0 1 0 948 154 422 539 0 332 210 607 0 0 619 594 0 993 235 963 309 0 509 651 440 0 662 199 674 705 269 14 341 
665 438 0 0 832 437 0 402 391 352 0 2 0 125 0 932 0 992 884 0 0 0 719 941 905 205 464 462 772 472 191 181 674 0 137 0 247 745 694 0 219 944 498 233 0 0 919 0 638 894 19 0 0 0 12 284 0 428 515 0 914 309 956 0 3 709 513 951 301 595 626 179 335 857 586 0 0 0 346 998 67 425 0 139 339 345 0 0 510 179 0 383 0 634 637 0 0 538 0 934 390 754 924 634 88 857 0 0 243 0 0 8 55 311 0 0 0 953 0 
1 582 353 554 850 283 716 0 0 70 0 431 114 0 341 605 18 877 105 0 966 344 665 190 0 162 396 0 696 780 507 337 0 373 0 0 274 795 483 999 770 475 0 692 906 956 963 0 490 0 369 913 680 12 0 0 959 0 521 0 531 78 993 0 433 553 961 765 911 478 0 0 129 629 0 139 968 0 366 0 336 0 0 452 939 555 0 0 607 232 119 632 0 0 855 314 0 115 143 954 679 215 97 633 599 0 318 866 807 874 834 803 159 789 750 470 431 0 998 
224 47 0 580 0 345 442 234 188 261 0 596 859 658 455 35 0 390 238 385 864 369 624 827 889 218 0 308 513 0 526 105 351 337 0 246 494 232 568 0 660 0 341 391 787 52 0 97 794 0 0 620 465 284 0 0 717 374 216 96 384 325 950 546 820 932 411 140 530 209 172 774 355 645 659 769 270 708 768 467 945 220 320 0 231 206 454 14 0 941 462 373 529 971 482 923 225 501 460 818 0 0 813 886 239 259 424 0 345 378 658 30 0 0 0 878 50 737 0 
76 456 0 176 528 611 486 486 68 725 206 398 378 36 0 0 0 276 490 828 582 36 566 816 0 0 0 623 308 117 851 0 0 346 0 649 0 993 468 691 0 667 0 492 598 816 705 0 0 0 328 112 400 0 959 717 0 216 0 848 528 758 0 0 971 780 478 94 556 143 345 766 195 209 212 0 0 573 0 762 389 950 692 391 277 234 57 0 897 0 478 829 90 0 610 893 737 0 0 621 502 733 0 0 931 0 0 163 217 162 292 60 0 413 0 0 4 900 979 
0 801 0 0 833 690 648 422 306 205 605 26 112 0 64 769 354 853 645 929 744 0 0 479 281 342 260 104 978 663 46 0 0 175 0 0 698 339 915 0 934 774 0 133 705 443 670 594 807 506 0 463 0 428 0 374 216 0 308 25 89 476 0 0 0 216 589 0 3 896 361 0 22 167 290 281 135 245 560 718 0 869 87 0 599 548 626 0 93 203 248 307 0 350 280 309 0 197 956 276 162 70 632 172 748 136 327 301 0 277 169 0 0 196 0 856 0 966 922 
168 41 770 0 358 605 905 720 33 809 0 237 0 871 822 553 155 876 306 201 55 914 201 948 865 0 674 206 807 148 373 205 0 854 523 645 445 0 950 790 537 995 142 478 894 366 306 541 674 790 438 202 663 515 521 216 0 308 0 494 911 89 0 667 524 0 817 909 66 547 170 0 331 387 991 0 0 63 800 0 0 975 393 429 0 130 157 450 561 435 787 281 0 702 89 775 361 468 254 0 0 571 403 0 0 968 4 39 0 116 1 110 245 240 957 990 407 0 0 
569 469 297 0 458 695 326 991 94 373 874 0 372 564 60 947 0 798 55 205 204 56 371 428 101 77 0 0 0 0 396 111 8 726 229 0 735 885 926 710 0 0 348 617 437 0 205 568 401 0 917 999 15 0 0 96 848 25 494 0 307 271 239 61 0 0 622 302 251 495 498 715 0 422 248 478 0 882 308 413 532 297 513 534 60 332 858 0 0 522 0 0 509 0 0 939 0 465 831 875 912 101 489 0 129 206 556 0 767 248 0 0 367 71 0 0 297 0 53 
0 923 566 266 169 461 389 0 0 0 735 0 0 229 261 378 425 441 49 0 650 483 0 461 330 0 228 962 920 138 897 447 457 0 612 506 327 20 558 287 354 467 0 912 506 0 0 0 78 680 25 947 595 914 531 384 528 89 911 307 0 0 871 217 402 443 232 0 549 978 956 406 134 538 69 509 91 802 700 202 451 596 0 0 565 690 82 85 823 845 0 637 384 0 630 569 12 0 937 442 113 455 160 0 442 0 40 592 501 267 0 0 0 915 793 181 851 353 547 
198 456 74 508 767 0 958 868 134 0 130 0 789 265 964 552 0 809 335 120 395 999 221 522 179 0 0 0 97 675 282 135 0 102 0 395 0 191 0 942 452 221 82 0 701 612 0 174 0 187 524 0 309 309 78 325 758 476 89 271 0 0 0 723 51 304 0 196 0 75 92 299 113 570 51 237 81 691 541 322 820 657 622 914 941 262 0 0 366 280 885 678 95 644 746 868 583 0 551 506 953 0 611 462 848 535 29 660 0 0 38 477 0 244 512 112 33 0 674 
0 0 343 0 0 294 660 339 960 184 821 0 880 0 379 182 315 363 622 839 478 327 797 188 475 452 0 962 0 961 479 622 791 0 0 548 29 146 54 0 0 0 26 0 880 0 0 430 13 33 499 0 151 956 993 950 0 0 0 239 871 0 0 403 656 903 101 366 4 178 0 0 998 554 0 0 0 149 223 500 481 57 0 291 906 685 586 0 704 0 113 669 199 796 511 356 979 679 82 68 0 0 0 0 122 435 569 997 180 177 713 0 357 0 0 443 73 919 612 
246 334 0 0 890 184 61 0 468 569 817 972 766 59 0 0 0 0 0 431 292 0 0 0 792 0 296 699 0 36 0 66 338 426 319 3 873 327 0 142 526 0 334 0 0 0 633 290 70 422 0 784 769 0 0 546 0 0 667 61 217 723 403 0 15 276 489 879 703 0 765 683 908 559 609 894 0 920 134 542 546 666 602 370 0 951 0 337 613 228 185 0 141 0 769 739 398 215 234 0 707 971 736 180 377 0 394 516 268 793 300 300 0 334 0 0 829 253 48 
825 56 0 147 475 657 439 572 40 600 428 643 909 0 0 58 245 0 850 650 170 833 879 278 0 379 0 0 379 247 595 414 90 714 431 105 108 822 48 176 428 683 17 0 326 52 597 197 1 385 774 0 372 3 433 820 971 0 524 0 402 51 656 15 0 178 0 283 299 0 0 920 208 0 108 0 884 829 325 0 51 0 12 278 168 0 707 917 876 370 92 672 0 25 0 482 308 0 0 58 0 316 0 927 471 189 981 458 1 0 894 580 811 0 0 198 491 552 353 
0 255 71 0 931 378 932 707 757 716 0 687 0 950 0 5 135 0 832 439 294 352 847 176 0 0 715 876 0 626 896 221 86 0 912 893 138 773 167 839 898 880 0 0 507 710 0 715 282 562 90 259 428 709 553 932 780 216 0 0 443 304 903 276 178 0 764 727 17 722 535 0 854 957 647 196 750 496 12 143 321 0 0 0 257 0 221 743 290 40 789 569 388 289 490 234 0 243 731 406 777 863 26 313 0 379 256 39 910 97 19 0 931 259 12 412 249 921 977 
907 517 553 0 896 0 0 853 0 208 277 606 0 719 0 0 0 532 55 0 875 287 0 0 257 508 0 263 666 0 260 0 516 31 696 0 72 791 0 0 0 300 402 767 263 0 0 887 749 316 418 701 451 513 961 411 478 589 817 622 232 0 101 489 0 764 0 730 185 0 178 962 886 770 966 0 0 350 531 477 475 894 405 0 0 730 903 0 128 749 0 457 0 722 506 847 657 408 846 941 723 0 799 575 912 671 361 950 232 886 918 445 613 0 915 409 867 0 318 
952 806 665 0 333 639 240 405 278 273 778 630 350 691 323 811 0 583 799 47 249 397 0 895 544 988 0 24 42 0 833 877 323 0 261 158 0 461 0 872 0 0 0 871 0 0 577 0 0 0 809 491 65 951 765 140 94 0 909 302 0 196 366 879 283 727 730 0 240 861 0 0 888 284 0 400 526 95 0 794 717 207 403 0 141 902 959 62 825 0 31 642 296 416 354 0 700 44 27 236 552 0 199 0 0 304 957 994 748 750 44 0 936 0 754 0 0 376 657 
589 251 326 295 420 414 0 0 0 0 0 591 965 0 330 0 643 288 857 0 0 274 432 563 568 182 531 205 650 754 458 0 380 0 932 741 818 0 75 626 287 732 10 69 0 48 0 515 836 948 209 454 64 301 911 530 556 3 66 251 549 0 4 703 299 17 185 240 0 378 406 0 366 866 0 492 567 878 0 168 364 0 474 426 0 0 832 640 284 0 657 0 762 259 705 0 970 0 636 716 947 226 565 0 278 0 428 527 0 0 157 0 386 77 711 275 110 0 165 
698 347 182 108 0 307 897 262 556 87 268 174 0 296 821 568 216 0 365 441 0 6 870 702 131 99 899 105 559 39 983 0 67 59 883 215 198 472 863 176 0 822 346 2 501 0 241 532 103 934 483 52 520 595 478 209 143 896 547 495 978 75 178 0 0 722 0 861 378 0 957 805 707 277 86 0 57 445 471 506 0 743 754 806 74 0 556 0 229 83 270 534 350 693 416 72 0 0 408 0 602 398 157 0 0 0 465 331 562 0 13 139 335 227 837 762 207 434 2 
0 0 0 318 0 320 341 88 714 0 19 213 524 0 211 0 32 374 895 993 0 0 620 976 257 466 425 424 78 554 400 840 0 511 770 0 0 262 783 585 190 954 598 0 0 0 0 0 546 0 0 774 622 626 0 172 345 361 170 498 956 92 0 765 0 535 178 0 406 957 0 174 783 221 55 981 0 585 0 0 0 857 562 899 940 0 576 495 510 744 208 764 73 124 485 221 603 184 449 582 88 330 32 69 966 798 254 730 750 0 0 863 560 847 0 0 837 0 744 
465 860 114 0 153 99 0 0 980 936 402 946 962 414 0 518 555 433 524 618 0 0 999 444 35 787 985 211 938 48 0 168 0 0 421 542 489 432 184 479 0 588 84 890 339 847 0 788 546 0 0 544 542 179 0 774 766 0 0 715 406 299 0 683 920 0 962 0 0 805 174 0 114 563 31 823 324 0 0 548 893 781 0 0 873 237 647 446 776 4 753 0 341 926 833 572 0 877 528 910 751 921 0 377 0 619 682 706 0 0 803 832 904 22 0 765 0 386 508 
1 46 964 146 420 0 975 390 339 0 191 554 412 17 542 779 918 741 686 198 391 570 399 0 606 476 318 841 832 0 967 494 0 634 857 44 928 330 126 371 0 269 233 756 136 145 182 0 560 646 446 251 949 335 129 355 195 22 331 0 134 113 998 908 208 854 886 888 366 707 783 114 0 389 523 399 968 378 336 622 798 852 312 875 196 0 219 479 0 0 165 988 459 371 858 928 222 0 698 869 0 686 0 133 439 163 586 800 0 36 0 0 388 0 98 0 715 355 450 
625 0 665 667 960 0 187 855 685 943 880 0 0 677 791 62 340 998 188 857 585 739 306 788 983 0 792 965 918 322 416 309 906 11 452 719 27 924 747 835 62 41 936 735 0 0 0 964 852 582 130 0 160 857 629 645 209 167 387 422 538 570 554 559 0 957 770 284 866 277 221 563 389 0 202 556 450 695 105 224 0 484 58 347 104 492 356 0 659 162 0 0 890 852 964 70 197 0 750 718 830 0 544 130 224 887 764 0 915 0 0 601 0 479 460 485 148 21 686 
0 448 668 0 0 883 359 0 243 0 29 898 560 2 660 641 266 926 435 426 0 237 0 198 656 966 0 217 731 661 0 659 35 299 0 296 58 651 781 0 0 963 441 896 321 44 21 390 195 0 489 778 0 586 0 659 212 290 991 248 69 51 0 609 108 647 966 0 0 86 55 31 523 202 0 800 0 418 536 536 157 103 884 511 0 895 590 238 668 0 169 391 0 610 507 485 0 44 790 333 319 0 467 604 383 0 687 552 465 214 665 312 928 973 301 0 344 88 95 
945 595 990 539 0 140 0 848 0 981 744 770 399 959 826 381 238 487 40 509 53 339 628 794 674 0 189 674 684 123 206 20 848 180 344 0 901 334 848 917 0 887 554 579 0 0 992 619 693 0 6 238 0 0 139 769 0 281 0 478 509 237 0 894 0 196 0 400 492 0 981 823 399 556 800 0 907 873 51 543 645 810 280 0 0 336 0 35 0 241 856 191 568 927 0 40 411 0 0 91 678 180 431 885 216 998 109 0 594 806 0 928 511 855 0 670 322 91 528 
88 862 0 0 984 973 0 186 197 406 59 150 217 527 0 207 170 476 566 0 234 159 613 601 277 0 0 673 342 968 102 217 553 330 405 949 0 151 989 798 0 0 0 875 141 0 608 92 455 700 847 433 148 0 968 270 0 135 0 0 91 81 0 0 884 750 0 526 567 57 0 324 968 450 0 907 0 210 664 400 249 492 971 129 739 0 0 324 979 237 0 809 0 593 0 526 0 0 333 798 250 220 764 177 440 139 0 547 920 968 103 0 963 366 268 877 366 0 838 
0 726 0 253 396 220 803 0 195 39 0 276 591 631 991 613 200 351 887 764 503 0 892 259 0 33 864 83 819 440 730 149 0 646 0 279 785 0 889 379 528 0 0 0 142 0 861 826 0 878 0 724 210 0 0 708 573 245 63 882 802 691 149 920 829 496 350 95 878 445 585 0 378 695 418 873 210 0 0 81 798 145 0 583 696 726 97 771 665 0 334 679 337 910 523 0 0 507 200 432 241 0 803 0 10 744 0 465 965 963 0 959 320 631 0 12 0 945 820 
336 810 472 0 280 900 394 0 263 924 627 93 0 670 592 329 553 178 498 101 0 482 4 670 688 748 0 97 174 414 88 544 0 0 500 761 623 572 911 644 0 865 238 498 466 359 0 333 437 0 752 0 972 346 366 768 0 560 800 308 700 541 223 134 325 12 531 0 0 471 0 0 336 105 536 51 664 0 0 993 0 0 0 0 200 351 395 0 0 668 12 73 0 61 13 0 974 663 655 601 977 768 0 498 283 440 0 0 640 0 159 469 133 933 624 845 157 453 845 
395 438 208 907 910 368 29 976 349 325 723 852 0 875 67 936 897 956 0 428 182 664 0 934 456 50 0 853 388 0 0 0 256 0 0 0 235 0 0 213 992 123 704 225 658 674 0 755 0 195 839 628 0 998 0 467 762 718 0 413 202 322 500 542 0 143 477 794 168 506 0 548 622 224 536 543 400 81 993 0 886 761 244 545 0 8 190 930 714 301 606 76 678 766 604 272 185 0 188 930 876 232 0 479 224 572 73 0 0 0 0 280 28 709 272 678 401 488 16 
631 743 0 232 636 277 949 799 0 743 100 0 521 155 447 490 874 221 249 0 23 0 463 0 222 478 195 909 196 187 756 714 0 0 797 230 0 0 55 698 0 538 562 329 0 589 419 719 599 412 578 0 57 67 336 945 389 0 0 532 451 820 481 546 51 321 475 717 364 0 0 893 798 0 157 645 249 798 0 886 0 322 656 787 0 0 0 261 0 522 0 0 23 580 769 0 242 463 104 127 203 84 477 947 0 0 28 0 890 104 0 709 4 0 0 502 0 299 0 
0 27 0 955 0 0 58 671 35 610 575 459 225 343 566 446 302 309 509 374 121 0 246 185 0 0 47 426 463 101 0 393 699 460 223 0 734 0 0 101 776 0 356 684 0 850 4 0 802 722 990 962 66 425 0 220 950 869 975 297 596 657 57 666 0 0 894 207 0 743 857 781 852 484 103 810 492 145 0 761 322 0 92 0 363 560 0 158 631 914 127 37 288 296 0 0 419 589 527 220 662 0 978 0 137 0 540 901 719 0 425 722 0 562 852 13 66 0 676 
528 0 165 383 330 892 227 0 856 249 0 0 62 560 0 325 80 248 241 885 227 112 625 692 695 550 0 0 186 524 259 174 370 82 184 621 908 20 766 0 958 386 496 0 589 521 187 555 192 0 76 920 381 0 0 320 692 87 393 513 0 622 0 602 12 0 405 403 474 754 562 0 312 58 884 280 971 0 0 244 656 92 0 841 0 413 155 644 0 899 0 19 0 0 752 55 0 681 716 0 244 762 785 0 985 0 938 491 939 797 0 664 708 870 75 0 537 48 410 
838 0 935 699 482 848 394 0 879 500 0 339 0 558 276 263 739 565 694 181 677 652 167 310 708 432 516 824 0 474 339 556 964 828 283 0 0 298 279 515 7 788 632 423 0 60 708 252 13 183 0 25 223 139 452 0 391 0 429 534 0 914 291 370 278 0 0 0 426 806 899 0 875 347 511 0 129 583 0 545 787 0 841 0 0 133 602 0 958 185 583 659 0 891 574 976 821 548 832 877 567 0 612 0 0 11 102 212 0 708 840 833 850 326 0 140 643 165 844 
0 273 0 0 368 113 0 444 0 342 947 0 16 0 0 75 0 466 704 509 76 669 93 0 978 0 647 230 434 341 572 701 924 511 726 812 625 202 133 219 570 0 387 274 944 718 0 872 891 767 0 453 0 339 939 231 277 599 0 60 565 941 906 0 168 257 0 141 0 74 940 873 196 104 0 0 739 696 200 0 0 363 0 0 0 882 549 0 0 560 686 700 478 16 658 11 0 287 47 857 0 0 446 894 855 126 0 919 279 679 691 886 0 0 524 932 901 981 0 
982 513 594 0 208 428 831 662 76 973 516 758 937 0 967 0 923 363 371 946 686 622 945 289 0 765 547 0 94 0 867 910 0 0 569 618 339 988 0 289 0 0 0 26 790 362 620 0 0 667 776 914 0 345 555 206 234 548 130 332 690 262 685 951 0 0 730 902 0 0 0 237 0 492 895 336 0 726 351 8 0 560 413 133 882 0 965 94 0 844 338 78 25 184 0 890 85 275 492 0 682 547 265 994 385 0 511 429 18 0 677 352 0 289 0 71 511 323 709 
616 892 166 0 41 551 462 437 0 696 0 287 772 770 765 537 57 979 0 908 70 0 470 588 0 801 807 263 855 882 709 0 370 223 0 0 477 39 737 0 10 388 0 67 267 932 171 0 994 344 0 0 0 0 0 454 57 626 157 858 82 0 586 0 707 221 903 959 832 556 576 647 219 356 590 0 0 97 395 190 0 0 155 602 549 965 0 504 991 582 960 867 911 0 990 0 128 0 235 0 400 488 0 785 217 116 21 693 0 0 0 0 122 257 59 0 200 281 0 
258 50 978 910 305 94 0 609 820 136 681 679 601 43 720 235 986 0 950 913 534 823 0 278 955 0 0 419 460 778 5 94 326 230 2 46 574 218 345 702 505 302 277 420 0 294 0 943 0 523 976 554 0 0 0 14 0 0 450 0 85 0 0 337 917 743 0 62 640 0 495 446 479 0 238 35 324 771 0 930 261 158 644 0 0 94 504 0 0 142 463 0 0 200 907 253 575 0 0 981 305 575 0 0 501 695 731 0 0 328 0 313 106 779 342 890 0 0 660 
511 282 0 85 269 0 528 417 181 68 323 0 0 0 0 642 889 967 470 21 0 618 225 0 286 0 417 733 416 242 407 897 729 52 265 0 206 535 0 0 0 0 998 842 272 465 0 560 600 491 106 0 1 510 607 0 897 93 561 0 823 366 704 613 876 290 128 825 284 229 510 776 0 659 668 0 979 665 0 714 0 631 0 958 0 0 991 0 0 942 997 852 0 88 429 208 691 206 143 549 500 0 191 106 443 611 76 455 455 0 290 720 560 546 918 739 238 389 788 
0 944 660 0 852 0 561 924 0 0 752 407 846 0 524 285 980 256 66 352 0 328 738 951 758 129 124 601 812 446 0 0 175 0 103 935 84 730 814 503 218 842 476 445 695 0 425 0 889 0 641 45 0 179 232 941 0 203 435 522 845 280 0 228 370 40 749 0 0 83 744 4 0 162 0 241 237 0 668 301 522 914 899 185 560 844 582 142 942 0 0 109 877 255 0 0 318 854 721 663 924 171 889 911 142 494 944 548 920 414 149 941 574 749 445 634 0 139 0 
882 316 104 0 640 227 296 0 191 275 146 543 403 0 642 313 891 0 773 354 895 0 0 574 385 664 0 777 773 764 790 632 572 266 493 0 574 169 709 0 235 72 440 0 0 49 84 616 414 349 559 851 948 0 119 462 478 248 787 0 0 885 113 185 92 789 0 31 657 270 208 753 165 0 169 856 0 334 12 606 0 127 0 583 686 338 960 463 997 0 0 158 875 674 502 100 0 592 0 0 836 87 0 0 23 269 147 293 0 779 442 293 105 717 361 159 614 0 0 
466 982 759 0 503 992 163 0 0 482 875 605 0 0 670 560 891 247 0 766 0 0 429 554 150 624 711 741 919 0 316 739 0 80 676 952 411 158 0 0 373 314 0 131 646 630 0 657 511 287 621 31 154 383 632 373 829 307 281 0 637 678 669 0 672 569 457 642 0 534 764 0 988 0 391 191 809 679 73 76 0 37 19 659 700 78 867 0 852 109 158 0 967 58 219 281 391 557 603 383 428 0 599 0 356 434 922 0 111 308 0 0 989 887 0 477 97 818 0 
145 381 308 288 991 0 242 107 0 498 0 326 803 553 642 0 330 577 647 825 983 836 0 892 0 966 124 125 0 700 743 579 969 550 839 0 628 410 670 208 447 931 142 0 629 888 666 700 847 798 0 727 422 0 0 529 90 0 0 509 384 95 199 141 0 388 0 296 762 350 73 341 459 890 0 568 0 337 0 678 23 288 0 0 478 25 911 0 0 877 875 967 0 602 0 0 693 157 0 909 772 574 0 539 591 0 911 526 529 988 342 919 48 425 828 0 0 659 840 
964 99 0 685 0 233 450 86 315 385 46 918 350 993 0 937 0 0 899 217 276 307 22 561 0 285 355 903 124 748 0 0 811 471 862 719 272 0 965 699 981 86 288 535 316 711 871 8 0 0 876 179 539 634 0 971 0 350 702 0 0 644 796 0 25 289 722 416 259 693 124 926 371 852 610 927 593 910 61 766 580 296 0 891 16 184 0 200 88 255 674 58 602 0 814 696 930 608 359 691 256 544 335 600 261 251 264 443 0 0 431 757 986 947 0 881 59 170 0 
801 249 180 415 827 954 202 0 113 857 794 723 613 260 669 134 406 822 925 532 430 821 0 0 0 790 0 0 849 359 519 980 17 0 0 195 870 54 897 128 634 463 987 551 543 676 0 126 0 836 0 89 0 637 855 482 610 280 89 0 630 746 511 769 0 490 506 354 705 416 485 833 858 964 507 0 0 523 13 604 769 0 752 574 658 0 990 907 429 0 502 219 0 814 0 0 991 266 0 190 9 156 754 164 266 501 0 639 712 170 875 171 0 525 565 96 0 829 0 
107 520 8 31 788 0 203 23 128 220 575 296 661 961 0 0 288 0 0 282 94 945 165 415 862 213 120 0 0 0 849 920 56 846 14 862 0 703 548 0 453 40 354 0 0 0 61 199 667 445 394 0 332 0 314 923 893 309 775 939 569 868 356 739 482 234 847 0 0 72 221 572 928 70 485 40 526 0 0 272 0 0 55 976 11 890 0 253 208 0 100 281 0 696 0 0 981 360 356 0 0 0 705 472 521 510 952 0 210 684 848 750 902 898 310 951 590 241 372 
731 262 450 930 899 0 573 584 0 546 183 0 422 254 309 0 592 712 401 729 218 0 232 312 725 839 945 0 842 887 590 0 0 0 748 481 728 317 0 250 0 163 620 47 160 79 60 796 31 0 312 938 210 0 0 225 737 0 361 0 12 583 979 398 308 0 657 700 970 0 603 0 222 197 0 411 0 0 974 185 242 419 0 821 0 85 128 575 691 318 0 391 693 930 991 981 0 985 354 436 127 0 488 509 433 0 0 90 245 869 869 559 394 703 418 392 438 368 315 
985 115 442 259 0 628 674 53 28 936 161 69 476 730 936 0 756 568 0 78 0 474 378 399 0 0 480 0 282 0 529 0 0 0 0 885 302 857 211 598 344 789 653 93 933 0 722 985 0 717 2 550 607 538 115 501 0 197 468 465 0 0 679 215 0 243 408 44 0 0 184 877 0 0 44 0 0 507 663 0 463 589 681 548 287 275 0 0 206 854 592 557 157 608 266 360 985 0 652 0 890 681 238 0 415 0 961 756 310 985 863 33 602 279 810 255 194 680 962 
824 203 867 73 0 118 0 291 924 861 429 510 723 0 109 43 40 269 0 0 0 842 398 622 629 0 0 0 0 211 67 132 850 0 380 5 430 935 0 197 0 211 547 587 70 201 413 680 77 467 0 69 0 0 143 460 0 956 254 831 937 551 82 234 0 731 846 27 636 408 449 528 698 750 790 0 333 200 655 188 104 527 716 832 47 492 235 0 143 721 0 603 0 359 0 356 354 652 0 854 856 0 267 811 0 498 498 0 130 21 244 618 664 504 241 629 947 554 172 
233 466 670 218 876 252 0 647 57 0 552 0 343 630 998 161 882 637 0 351 563 904 0 945 198 0 989 321 470 316 0 0 417 431 0 0 980 235 233 651 970 329 0 844 393 462 0 515 867 240 353 0 0 934 954 818 621 276 0 875 442 506 68 0 58 406 941 236 716 0 582 910 869 718 333 91 798 432 601 930 127 220 0 877 857 0 0 981 549 663 0 383 909 691 190 0 436 0 854 0 532 47 0 273 0 0 233 0 406 731 96 0 0 284 934 978 320 0 200 
849 27 641 581 809 222 335 131 825 51 0 0 364 107 860 989 645 393 995 341 828 130 14 167 0 811 176 57 7 633 768 690 0 0 299 173 0 0 239 298 463 125 4 766 404 763 0 517 166 0 0 126 619 390 679 0 502 162 0 912 113 953 0 707 0 777 723 552 947 602 88 751 0 830 319 678 250 241 977 876 203 662 244 567 0 682 400 305 500 924 836 428 772 256 9 0 127 890 856 532 0 765 240 266 0 0 80 0 88 668 0 52 139 0 0 822 0 163 0 
269 352 108 684 0 0 536 980 879 329 753 669 847 952 97 819 844 29 0 0 0 0 0 809 42 576 352 0 384 64 202 579 0 771 83 804 0 532 777 407 0 50 0 615 395 830 558 844 792 901 449 295 594 754 215 0 733 70 571 101 455 0 0 971 316 863 0 0 226 398 330 921 686 0 0 180 220 0 768 232 84 0 762 0 0 547 488 575 0 171 87 0 574 544 156 0 0 681 0 47 765 0 582 229 142 0 0 62 764 674 400 0 159 407 430 279 444 692 156 
635 0 0 633 902 356 785 213 235 0 827 0 799 933 158 783 847 621 471 0 0 0 566 0 754 303 861 0 114 116 441 0 142 873 312 0 684 112 0 762 156 0 970 0 0 203 497 0 0 827 390 589 0 924 97 813 0 632 403 489 160 611 0 736 0 26 799 199 565 157 32 0 0 544 467 431 764 803 0 0 477 978 785 612 446 265 0 0 191 889 0 599 0 335 754 705 488 238 267 0 240 582 0 253 518 820 779 974 0 0 0 141 777 912 111 446 0 0 883 
0 217 662 374 0 641 13 534 0 810 0 0 594 639 0 518 799 715 443 449 0 834 456 212 93 77 388 96 820 0 855 554 439 640 0 93 994 501 959 476 253 858 210 125 649 0 0 228 0 338 0 691 993 634 633 886 0 172 0 0 0 462 0 180 927 313 575 0 0 0 69 377 133 130 604 885 177 0 498 479 947 0 0 0 894 994 785 0 106 911 0 0 539 600 164 472 509 0 811 273 266 229 253 0 438 285 905 515 0 749 604 101 760 0 204 960 380 167 30 
0 123 383 844 161 513 390 246 708 107 799 349 24 0 541 16 0 228 785 432 445 929 424 0 0 0 771 0 853 612 960 500 592 933 0 751 900 0 856 273 38 988 892 446 691 184 880 957 724 975 949 584 235 88 599 239 931 748 0 129 442 848 122 377 471 0 912 0 278 0 966 0 439 224 383 216 440 10 283 224 0 137 985 0 855 385 217 501 443 142 23 356 591 261 266 521 433 415 0 0 0 142 518 438 0 471 0 0 593 555 901 809 945 28 548 668 391 386 285 
309 299 214 462 988 0 563 972 7 309 408 703 552 639 132 15 350 199 834 807 735 839 406 885 547 291 484 995 984 0 803 961 100 701 0 205 0 0 309 970 868 165 0 583 805 212 0 0 926 493 374 0 963 857 0 259 0 136 968 206 0 535 435 0 189 379 671 304 0 0 798 619 163 887 0 998 139 744 440 572 0 0 0 11 126 0 116 695 611 494 269 434 0 251 501 510 0 0 498 0 0 0 820 285 471 0 886 0 595 806 0 911 13 421 0 946 358 729 62 
388 0 222 862 86 451 0 10 0 580 0 886 0 488 907 18 0 525 611 51 177 405 980 155 576 867 0 45 361 0 608 490 0 0 117 955 0 0 10 0 50 370 274 493 639 0 855 12 896 952 550 532 309 0 318 424 0 327 4 556 40 29 569 394 981 256 361 957 428 465 254 682 586 764 687 109 0 0 0 73 28 540 938 102 0 511 21 731 76 944 147 922 911 264 0 952 0 961 498 233 80 0 779 905 0 886 0 7 918 0 0 201 912 0 0 315 0 779 85 
0 0 0 892 585 442 0 0 0 387 620 541 0 75 488 0 31 0 150 821 260 800 0 274 979 374 367 0 721 175 0 0 759 0 250 914 835 662 121 676 0 469 762 0 648 693 259 899 506 0 773 508 0 0 866 0 163 301 39 0 592 660 997 516 458 39 950 994 527 331 730 706 800 0 552 0 547 465 0 0 0 901 491 212 919 429 693 0 455 548 293 0 526 443 639 0 90 756 0 0 0 62 974 515 0 0 7 0 41 152 284 742 631 468 455 353 748 0 152 
0 102 538 87 500 219 499 0 0 269 502 0 0 965 601 0 337 494 73 847 362 412 0 0 910 980 529 0 164 0 604 915 0 554 442 0 226 667 0 0 236 362 310 0 590 774 951 685 800 0 0 892 509 243 807 345 217 0 0 767 501 0 180 268 1 910 232 748 0 562 750 0 0 915 465 594 920 965 640 0 890 719 939 0 279 18 0 0 455 920 0 111 529 0 712 210 245 310 130 406 88 764 0 0 593 595 918 41 0 0 121 715 0 57 566 245 172 11 328 
225 0 0 813 716 0 0 646 743 875 353 141 0 720 277 0 566 365 689 436 221 0 0 0 0 94 585 78 784 0 128 550 913 623 0 456 358 441 286 0 877 0 957 80 388 797 0 251 0 754 19 405 651 0 874 378 162 277 116 248 267 0 177 793 0 97 886 750 0 0 0 0 36 0 214 806 968 963 0 0 104 0 797 708 679 0 0 328 0 414 779 308 988 0 170 684 869 985 21 731 668 674 0 749 555 806 0 152 0 0 136 178 694 600 913 0 769 226 179 
259 0 0 0 832 653 101 0 344 712 0 706 569 844 759 717 85 669 721 418 821 867 48 338 508 17 771 610 898 373 6 516 0 224 43 660 193 462 0 321 212 131 434 439 764 20 0 624 247 771 863 409 440 0 834 658 292 169 1 0 0 38 713 300 894 19 918 44 157 13 0 803 0 0 665 0 103 0 159 0 0 425 0 840 691 677 0 0 290 149 442 0 342 431 875 848 869 863 244 96 0 400 0 604 901 0 0 284 121 136 0 659 743 127 0 940 90 681 558 
0 180 0 0 923 295 350 978 846 30 638 937 0 0 844 0 0 230 0 0 579 0 0 163 249 780 377 0 715 680 0 0 129 14 25 532 365 0 709 133 0 230 924 965 406 586 6 646 0 192 963 0 0 8 803 30 60 0 110 0 0 477 0 300 580 0 445 0 0 139 863 832 0 601 312 928 0 959 469 280 709 722 664 833 886 352 0 313 720 941 293 0 919 757 171 750 559 33 618 0 52 0 141 101 809 911 201 742 715 178 659 0 220 86 483 647 696 496 0 
98 642 824 0 0 791 647 235 280 310 359 519 871 378 631 875 741 725 13 0 795 171 0 0 706 917 0 242 159 0 381 415 0 525 64 60 184 972 0 0 202 0 117 0 329 595 867 234 334 506 166 567 662 55 159 0 0 0 245 367 0 0 357 0 811 931 613 936 386 335 560 904 388 0 928 511 963 320 133 28 4 0 708 850 0 0 122 106 560 574 105 989 48 986 0 902 394 602 664 0 139 159 777 760 945 13 912 631 0 694 743 220 0 535 0 431 542 909 634 
452 146 0 204 557 0 463 275 196 204 707 741 316 76 446 0 162 644 0 0 39 342 3 955 0 0 265 0 365 54 0 734 351 325 282 110 0 601 153 162 793 293 96 0 528 642 0 0 0 532 890 795 199 311 789 0 413 196 240 71 915 244 0 334 0 259 0 0 77 227 847 22 0 479 973 855 366 631 933 709 0 562 870 326 0 289 257 779 546 749 717 887 425 947 525 898 703 279 504 284 0 407 912 0 28 421 0 468 57 600 127 86 535 0 665 628 967 936 0 
521 305 287 0 0 891 0 809 604 921 0 899 0 0 0 783 0 289 449 728 292 801 882 347 646 393 609 145 712 11 674 418 442 697 43 945 117 378 0 923 887 42 0 415 0 445 750 0 491 138 756 867 674 0 750 0 0 0 957 0 793 512 0 0 0 12 915 754 711 837 0 0 98 460 301 0 268 0 624 272 0 852 75 0 524 0 59 342 918 445 361 0 828 0 565 310 418 810 241 934 0 430 111 204 548 0 0 455 566 913 0 483 0 665 0 803 0 791 970 
772 420 0 842 0 617 621 0 540 836 555 941 648 435 700 990 584 0 594 74 329 41 83 747 667 543 869 45 961 0 0 120 144 477 37 415 759 268 0 0 0 0 0 831 545 814 74 257 0 739 650 471 705 0 470 878 0 856 990 0 181 112 443 0 198 412 409 0 275 762 0 765 0 485 0 670 877 12 845 678 502 13 0 140 932 71 0 890 739 634 159 477 0 881 96 951 392 255 629 978 822 279 446 960 668 946 315 353 245 0 940 647 431 628 803 0 957 958 869 
380 345 242 181 475 0 668 349 406 288 31 951 0 0 699 423 0 0 871 38 708 290 390 0 888 0 235 385 697 844 276 400 0 0 243 975 269 0 881 936 340 608 0 0 965 749 214 950 376 185 45 0 269 0 431 50 4 0 407 297 851 33 73 829 491 249 867 0 110 207 837 0 715 148 344 322 366 0 157 401 0 66 537 643 901 511 200 0 238 0 614 97 0 59 0 590 438 194 947 320 0 444 0 380 391 358 0 748 172 769 90 696 542 967 0 957 0 0 0 
343 355 490 367 128 803 0 0 595 0 0 0 918 0 155 0 0 0 212 556 425 85 163 0 565 580 778 0 399 258 610 138 235 857 299 0 0 0 29 0 515 16 489 740 652 0 326 50 888 564 0 81 14 953 0 737 900 966 0 0 353 0 919 253 552 921 0 376 0 434 0 386 355 21 88 91 0 945 453 488 299 0 48 165 981 323 281 0 389 139 0 818 659 170 829 241 368 680 554 0 163 692 0 167 386 729 779 0 11 226 681 496 909 936 791 958 0 0 398 
307 482 236 33 622 675 323 0 99 619 228 408 702 944 857 0 0 564 0 45 606 725 404 0 0 0 544 0 0 0 38 277 0 0 343 934 792 0 210 946 541 601 499 664 299 249 881 0 143 40 985 792 341 0 998 0 979 922 0 53 547 674 612 48 353 977 318 657 165 2 744 508 450 686 95 528 838 820 845 16 0 676 410 844 0 709 0 660 788 0 0 0 840 0 0 372 315 962 172 200 0 156 883 30 285 62 85 152 328 179 558 0 634 0 970 869 0 398 0 
