0 75 796 379 970 0 646 813 562 0 677 0 558 975 322 0 796 189 0 836 613 0 513 424 72 0 927 0 524 501 476 0 153 652 637 437 898 0 786 191 0 681 658 644 0 0 544 342 331 149 434 779 0 291 531 0 95 736 357 476 754 0 0 666 629 714 9 76 460 782 520 0 51 0 0 790 156 447 0 413 536 856 946 511 806 0 180 915 669 139 611 0 900 180 105 399 179 309 0 600 574 0 620 906 0 244 979 202 930 0 620 0 402 106 0 0 535 746 764 339 0 0 841 0 561 183 133 76 33 725 320 0 764 0 805 873 620 383 622 488 273 478 0 49 623 796 29 
75 0 38 423 879 0 660 816 538 332 0 304 100 108 148 0 573 120 743 730 419 451 307 0 314 252 779 951 982 660 196 881 32 223 85 339 928 228 891 0 0 407 765 836 113 695 687 180 0 160 938 859 717 0 0 0 0 595 222 595 0 186 0 89 0 276 0 483 678 850 777 606 593 758 674 767 147 0 933 934 27 121 406 0 433 372 129 434 264 0 454 770 0 385 659 160 0 449 634 0 747 524 916 720 5 4 955 227 182 241 393 469 0 0 321 838 301 839 28 86 707 610 0 341 391 818 437 0 889 243 765 906 777 348 878 431 148 634 0 335 121 903 735 764 592 0 188 
796 38 0 330 281 906 0 175 0 0 0 578 0 306 0 820 353 340 0 328 721 155 958 578 0 278 457 432 478 853 0 820 316 410 422 689 222 762 530 132 759 928 655 0 605 693 913 0 0 0 282 673 260 71 335 912 972 121 0 669 0 217 296 0 0 581 642 0 0 0 10 362 93 544 540 387 0 0 62 33 0 932 318 0 617 809 0 881 473 0 685 350 939 0 541 0 0 0 26 653 776 0 636 320 902 451 0 428 792 371 0 691 321 808 825 0 0 380 0 457 331 0 750 887 158 751 411 323 306 353 838 616 68 701 250 0 0 778 0 812 374 602 0 895 611 389 349 
379 423 330 0 669 0 0 0 0 385 781 797 812 650 853 821 425 192 617 695 0 425 877 218 0 566 0 566 186 3 675 0 274 919 542 997 0 61 362 954 149 512 0 499 0 0 412 929 17 270 0 961 969 927 204 25 0 547 98 0 336 58 0 0 72 338 743 0 0 935 374 817 0 645 46 252 288 64 0 172 316 994 777 184 404 0 86 81 519 0 908 0 401 236 0 675 48 875 589 901 966 310 253 293 29 443 83 0 391 820 671 472 221 0 0 0 0 399 0 706 361 0 774 444 653 775 0 72 186 508 724 326 522 941 519 382 896 540 817 765 403 685 723 0 0 878 820 
970 879 281 669 0 992 322 0 314 0 388 205 0 778 341 0 0 253 583 745 818 159 497 123 118 537 939 738 562 815 411 76 0 76 455 153 470 877 173 735 487 624 0 0 944 399 292 474 0 293 614 568 890 866 341 454 727 0 108 800 734 574 566 322 412 122 390 602 579 0 198 699 0 47 874 26 929 116 444 165 0 87 871 0 466 45 516 815 0 0 753 0 538 642 973 0 0 966 294 0 0 220 875 142 548 722 871 411 863 769 666 460 930 537 456 803 8 661 0 0 130 170 572 634 290 54 360 756 744 35 606 0 308 0 820 281 240 560 806 719 313 245 473 675 61 0 281 
0 0 906 0 992 0 91 0 790 508 524 539 545 763 269 327 541 320 994 0 0 856 869 15 601 634 0 842 119 0 0 239 902 0 693 893 484 489 946 956 416 811 990 792 0 0 127 493 333 0 33 99 750 498 435 336 129 831 699 584 534 746 475 951 321 977 488 892 311 284 421 314 255 850 0 755 0 0 177 0 279 7 477 271 262 0 0 711 706 0 760 772 2 878 0 582 464 987 0 201 66 227 696 0 570 249 36 639 492 724 486 376 37 0 247 965 87 0 864 741 84 0 673 0 673 578 873 0 585 138 666 904 0 0 702 0 861 128 891 0 282 442 0 764 26 978 534 
646 660 0 0 322 91 0 413 995 432 86 55 930 727 0 344 236 158 0 756 0 649 219 0 705 371 124 836 267 0 853 669 920 0 499 63 299 442 465 455 853 41 0 892 916 464 0 453 724 639 712 229 63 0 199 888 848 172 58 337 0 681 47 752 380 819 250 0 0 0 230 159 388 884 875 150 806 900 435 725 10 0 0 0 0 775 130 107 0 50 0 293 133 360 812 15 0 0 761 0 628 307 907 84 517 730 22 498 966 170 0 987 667 606 946 691 729 0 304 447 0 215 0 0 574 0 461 199 976 0 204 0 286 833 706 0 637 395 219 0 498 0 210 67 582 0 0 
813 816 175 0 0 0 413 0 973 0 104 504 245 310 530 112 790 308 780 468 0 0 0 0 738 851 360 583 0 334 703 68 386 573 875 182 133 0 120 0 447 334 934 860 252 0 0 0 266 0 0 142 916 0 253 785 0 463 864 0 286 421 701 296 0 0 246 989 830 0 0 981 0 0 491 868 656 220 50 0 116 96 246 194 173 140 621 218 795 635 963 297 0 338 698 646 0 495 811 313 680 32 862 0 714 0 172 0 303 598 136 0 478 749 0 216 274 196 665 814 833 967 296 127 817 128 583 689 59 0 525 0 795 714 682 180 293 351 9 758 690 0 854 0 233 27 230 
562 538 0 0 314 790 995 973 0 444 716 903 0 610 0 0 598 0 551 0 65 820 959 742 0 497 0 817 581 143 23 0 450 689 824 0 147 201 45 859 0 324 321 825 180 717 717 0 597 834 18 526 347 943 0 627 290 377 331 668 36 709 770 593 504 690 0 789 919 515 942 697 5 471 369 0 0 0 309 396 725 573 438 661 518 0 369 0 589 467 855 864 301 0 951 4 682 817 918 0 728 0 492 0 173 0 11 0 906 901 39 930 467 207 724 947 380 115 766 345 900 0 404 0 0 0 994 729 489 0 672 0 885 0 0 948 881 574 180 790 375 554 0 581 0 288 0 
0 332 0 385 0 508 432 0 444 0 139 538 0 244 392 0 225 807 0 968 170 0 648 347 235 868 124 111 0 0 642 0 122 883 85 427 520 262 0 526 695 951 374 417 0 0 0 619 279 0 508 0 61 386 0 992 783 338 274 233 0 418 0 105 517 532 342 815 373 319 543 860 0 0 413 898 0 148 0 0 257 375 789 0 454 552 246 148 928 78 536 21 881 607 130 0 566 0 667 575 778 0 0 826 301 0 359 0 790 485 0 420 337 770 904 29 881 0 39 856 136 982 0 978 286 709 899 0 114 843 517 357 178 977 367 651 878 630 621 580 506 570 996 893 0 0 987 
677 0 0 781 388 524 86 104 716 139 0 320 789 0 0 554 0 962 494 369 297 0 389 454 621 0 488 266 0 306 733 0 0 369 0 774 0 911 564 134 0 0 781 0 0 617 0 0 181 122 912 676 687 0 936 48 87 891 0 63 723 876 0 0 554 611 784 0 819 0 713 0 0 367 753 0 0 6 618 167 751 0 155 985 456 857 0 220 0 373 132 40 0 284 430 55 0 231 271 105 0 287 0 0 191 461 0 230 184 472 502 0 65 4 135 933 787 895 442 800 268 70 123 121 0 735 385 776 0 205 558 879 0 126 563 432 500 0 0 0 0 759 899 692 371 57 0 
0 304 578 797 205 539 55 504 903 538 320 0 173 103 939 98 170 98 326 413 0 0 394 325 814 397 543 776 186 786 881 764 905 52 447 0 263 0 829 70 163 0 315 227 530 652 833 0 0 431 0 0 103 0 280 155 883 507 0 384 0 255 0 909 693 777 152 961 332 169 0 196 0 0 15 858 183 590 0 0 0 479 0 612 696 0 464 0 254 758 0 447 404 553 611 0 0 748 965 0 0 434 716 0 256 0 893 508 0 0 733 440 518 0 0 707 0 806 0 795 0 0 573 0 945 298 673 447 592 463 616 548 0 822 67 532 39 691 67 305 844 0 132 612 287 345 192 
558 100 0 812 0 545 930 245 0 0 789 173 0 0 0 736 529 0 662 0 387 0 0 0 297 324 321 410 0 0 636 0 0 330 577 114 867 802 642 47 0 0 897 260 63 0 737 103 680 14 861 460 162 0 0 0 41 0 71 620 268 0 569 0 586 0 326 848 0 647 0 0 649 0 478 370 419 954 922 429 677 255 201 326 0 0 0 528 0 152 10 0 8 492 158 989 678 853 0 516 0 0 0 0 177 427 122 918 651 276 0 0 943 786 434 0 570 886 0 28 668 0 771 0 396 918 594 959 62 135 41 0 506 0 760 654 229 558 585 799 215 392 93 0 833 494 451 
975 108 306 650 778 763 727 310 610 244 0 103 0 0 635 970 999 0 0 878 0 197 799 0 381 725 519 950 454 0 228 474 431 810 142 0 874 673 0 0 0 789 554 783 605 0 227 327 670 245 896 346 225 0 840 2 839 727 909 0 20 755 539 0 438 391 627 916 706 559 859 769 43 54 108 455 887 883 0 0 505 460 0 765 0 0 0 851 474 423 0 844 717 758 460 0 232 0 561 796 0 519 659 768 886 809 336 757 0 911 0 0 52 713 55 0 44 0 0 221 702 571 830 0 554 724 655 0 0 0 83 783 271 810 521 849 70 165 467 0 0 406 0 0 149 8 477 
322 148 0 853 341 269 0 530 0 392 0 939 0 635 0 420 0 0 155 897 947 902 97 641 462 500 549 956 841 350 189 664 640 13 406 842 315 764 988 0 651 849 525 131 111 172 7 0 737 794 0 0 0 945 511 554 976 91 0 691 17 0 721 515 311 0 34 734 77 0 353 925 773 0 148 810 128 0 209 112 602 0 0 0 865 281 911 838 0 814 892 436 965 0 950 747 0 722 693 0 241 822 843 0 690 729 692 0 0 773 523 0 336 510 504 987 0 710 941 0 0 555 879 406 27 0 709 370 956 711 175 583 925 0 0 0 0 181 238 48 68 0 682 0 0 0 964 
0 0 820 821 0 327 344 112 0 0 554 98 736 970 420 0 0 0 0 252 720 610 0 0 127 78 56 933 555 553 78 89 244 54 0 557 625 508 355 227 657 307 0 662 749 0 663 396 127 398 157 156 69 144 382 0 743 0 601 368 4 963 593 0 449 256 957 909 0 286 631 177 925 693 562 895 0 0 88 381 812 315 0 569 398 372 0 0 335 956 510 413 505 0 659 739 692 0 224 532 940 224 813 631 0 490 300 779 857 167 860 993 189 0 761 198 499 693 987 618 596 373 0 18 890 578 0 844 0 180 12 820 242 251 196 0 841 933 890 447 962 23 0 0 709 0 768 
796 573 353 425 0 541 236 790 598 225 0 170 529 999 0 0 0 358 400 183 0 786 683 0 235 184 72 716 935 523 0 909 722 566 0 525 0 125 0 235 451 737 497 0 397 0 0 291 236 918 606 30 4 684 31 793 348 194 48 0 573 357 286 502 698 773 602 950 753 602 571 568 736 218 840 208 953 0 474 0 886 0 0 153 729 873 956 88 939 40 120 564 723 503 791 392 0 0 369 0 983 0 0 510 382 648 72 391 0 0 959 862 0 771 373 10 0 743 861 37 725 0 545 786 853 460 853 0 0 500 727 380 854 0 739 483 80 645 600 0 1 868 0 926 0 418 58 
189 120 340 192 253 320 158 308 0 807 962 98 0 0 0 0 358 0 598 0 269 786 677 972 0 0 0 0 0 153 378 360 0 226 0 224 0 0 0 0 222 538 635 783 145 894 611 511 205 352 0 969 0 197 70 0 0 19 285 583 0 111 447 22 442 392 54 334 967 591 117 255 0 641 0 212 617 856 398 603 883 688 553 539 939 755 648 815 153 0 240 396 840 255 543 626 921 0 834 0 306 173 0 357 558 344 0 640 819 859 954 395 0 55 849 0 542 249 0 191 616 0 548 672 0 214 869 682 33 0 199 536 0 724 908 563 555 819 0 174 0 98 0 214 0 0 425 
0 743 0 617 583 994 0 780 551 0 494 326 662 0 155 0 400 598 0 0 921 697 517 0 650 89 874 917 0 402 383 0 247 0 0 0 181 0 411 449 199 150 0 212 920 0 0 435 246 0 0 276 226 596 737 0 561 373 354 278 708 524 104 0 536 866 26 552 812 807 717 783 310 335 232 365 0 170 0 225 959 0 989 5 318 206 127 853 24 0 0 0 998 331 215 768 111 397 113 175 167 647 0 555 0 0 0 400 719 861 100 504 36 0 527 0 0 48 695 0 0 841 0 941 0 878 691 0 0 906 636 661 59 634 380 0 364 0 857 777 0 0 494 0 34 980 387 
836 730 328 695 745 0 756 468 0 968 369 413 0 878 897 252 183 0 0 0 539 0 702 508 288 293 72 0 0 272 72 340 198 102 0 938 843 557 633 0 247 156 0 275 48 204 221 0 0 779 354 941 0 0 334 0 226 313 0 722 0 178 671 730 112 881 649 0 934 460 303 883 0 0 916 0 0 829 483 937 0 412 568 573 611 831 105 512 549 994 877 529 541 770 417 0 141 0 820 814 0 0 111 886 67 0 940 616 334 74 520 72 866 425 23 285 695 218 0 0 133 0 0 365 691 104 989 401 526 299 975 738 0 37 0 345 0 142 0 0 580 608 537 258 760 174 0 
613 419 721 0 818 0 0 0 65 170 297 0 387 0 947 720 0 269 921 539 0 0 169 220 808 691 188 433 221 136 125 724 451 338 481 186 154 674 545 374 500 269 645 854 0 666 12 669 453 384 22 0 584 997 590 0 434 47 355 605 306 788 9 78 657 553 0 0 0 217 853 97 0 738 0 0 438 596 0 0 0 603 394 700 149 655 545 122 306 157 588 330 0 0 0 257 0 77 652 428 9 576 854 0 914 579 751 357 0 881 120 79 705 546 228 898 375 0 0 0 889 325 345 914 76 16 734 456 0 616 894 0 984 0 28 350 435 810 572 73 413 906 876 0 758 705 641 
0 451 155 425 159 856 649 0 820 0 0 0 0 197 902 610 786 786 697 0 0 0 629 783 0 798 537 975 0 0 919 0 583 900 601 310 443 585 0 320 758 0 55 299 392 526 915 529 24 33 979 868 652 154 0 926 740 194 191 0 0 175 673 323 990 0 153 119 0 702 102 97 761 570 0 0 369 33 965 0 702 490 510 651 314 915 488 753 107 622 0 556 603 790 127 0 6 0 603 773 317 184 844 676 459 287 953 257 982 0 507 0 13 396 680 907 105 729 473 793 374 58 229 234 0 870 738 0 424 428 84 632 49 512 842 983 888 0 888 0 798 834 138 521 958 333 41 
513 307 958 877 497 869 219 0 959 648 389 394 0 799 97 0 683 677 517 702 169 629 0 870 0 0 870 0 682 287 0 991 103 110 382 28 0 960 0 63 725 394 318 481 948 815 925 11 677 261 618 0 61 0 125 0 186 60 419 378 835 429 215 481 937 250 600 476 837 356 230 658 715 545 440 916 0 34 181 481 814 327 0 0 0 161 220 0 198 160 293 0 120 0 638 802 91 194 450 536 689 582 746 758 115 0 0 420 368 0 243 0 0 237 670 787 847 218 250 0 977 56 552 331 736 43 218 332 736 705 131 27 0 416 908 874 242 866 287 576 886 0 987 0 0 969 8 
424 0 578 218 123 15 0 0 742 347 454 325 0 0 641 0 0 972 0 508 220 783 870 0 955 71 0 957 335 0 687 361 10 733 837 302 424 384 846 686 481 0 636 0 363 651 917 0 813 321 954 287 300 0 0 620 0 652 488 97 483 0 0 682 242 0 0 103 809 880 885 453 0 166 551 0 0 438 635 0 116 808 465 448 672 0 615 678 232 930 831 941 940 0 251 928 0 265 686 0 0 943 0 0 394 685 0 283 450 853 0 0 932 114 632 597 514 0 0 0 837 922 792 0 146 0 796 662 707 398 187 100 0 251 534 853 705 58 377 777 0 12 187 873 0 0 857 
72 314 0 0 118 601 705 738 0 235 621 814 297 381 462 127 235 0 650 288 808 0 0 955 0 0 7 0 413 572 0 0 88 140 820 0 688 877 966 197 56 87 367 277 876 0 962 0 0 301 331 160 803 548 398 552 606 0 626 0 0 289 0 968 955 831 782 399 128 918 615 787 135 278 861 830 661 369 0 654 335 734 411 41 0 964 979 579 350 310 0 63 0 0 697 0 930 0 723 881 150 199 935 732 790 254 916 708 18 175 809 826 84 864 951 855 237 144 687 821 0 0 211 736 404 661 449 929 747 467 12 51 994 688 885 248 588 740 573 0 0 361 344 608 317 121 234 
0 252 278 566 537 634 371 851 497 868 0 397 324 725 500 78 184 0 89 293 691 798 0 71 0 0 0 0 0 622 481 0 792 745 933 703 0 342 667 641 624 60 823 0 874 737 508 806 247 0 268 33 0 16 271 0 0 0 800 29 989 114 556 939 127 0 333 626 0 543 288 0 665 810 53 132 331 250 0 929 0 568 929 912 615 581 766 0 730 897 44 530 0 44 0 725 224 0 0 0 818 0 104 864 749 554 167 444 0 665 886 151 158 514 427 273 787 210 135 880 932 999 63 0 0 234 0 193 256 784 465 749 0 54 723 0 371 0 0 289 0 999 0 888 0 158 139 
927 779 457 0 939 0 124 360 0 124 488 543 321 519 549 56 72 0 874 72 188 537 870 0 7 0 0 0 239 135 863 663 0 0 443 537 909 784 0 266 0 412 961 796 0 0 226 88 962 89 0 960 968 358 0 109 190 432 728 0 0 0 51 973 419 25 0 880 50 242 0 847 948 755 942 0 985 791 571 0 840 404 0 0 714 0 0 822 621 0 77 606 0 579 537 0 712 408 974 123 949 106 616 980 600 435 929 812 0 194 744 0 767 630 260 0 934 936 0 406 0 295 655 89 600 0 185 65 14 982 864 976 536 706 290 177 0 59 824 0 0 863 412 0 227 0 702 
0 951 432 566 738 842 836 583 817 111 266 776 410 950 956 933 716 0 917 0 433 975 0 957 0 0 0 0 41 501 0 504 0 0 365 229 623 837 249 0 993 155 400 658 303 502 448 296 529 216 262 812 568 390 958 685 296 6 978 885 72 87 0 0 0 141 952 0 0 790 271 733 516 0 0 705 105 499 962 422 270 0 0 606 766 0 0 0 130 796 508 545 515 243 0 0 315 885 0 510 283 220 994 606 244 372 808 0 124 0 616 184 171 770 0 0 0 962 0 582 933 117 745 178 898 567 955 907 563 307 364 815 316 612 0 0 892 235 726 528 805 0 854 719 0 175 0 
524 982 478 186 562 119 267 0 581 0 0 186 0 454 841 555 935 0 0 0 221 0 682 335 413 0 239 41 0 384 0 0 326 0 0 824 0 979 0 14 390 319 0 40 579 236 526 66 201 167 360 743 907 0 31 0 995 563 931 351 0 0 891 668 466 661 548 170 276 0 0 83 9 0 0 0 0 394 311 0 0 0 0 954 266 0 371 0 866 535 0 0 611 133 0 0 0 263 939 374 0 10 732 769 790 0 932 52 981 510 857 195 874 0 382 682 0 763 324 613 0 55 704 509 53 283 0 549 767 469 589 213 343 688 978 333 888 527 861 754 244 322 661 997 673 623 374 
501 660 853 3 815 0 0 334 143 0 306 786 0 0 350 553 523 153 402 272 136 0 287 0 572 622 135 501 384 0 0 541 0 403 0 540 602 636 371 678 739 0 306 930 754 933 0 0 989 526 256 0 0 0 97 37 645 986 846 474 156 66 623 600 627 243 875 282 961 787 0 627 0 783 158 373 39 0 28 40 128 540 0 652 0 8 498 899 0 126 0 686 108 626 352 771 780 350 443 0 0 695 61 516 256 0 521 0 241 0 75 215 664 0 0 663 0 396 458 693 0 378 0 293 759 181 788 243 386 0 562 364 577 587 557 0 0 362 406 830 941 527 109 0 544 383 266 
476 196 0 675 411 0 853 703 23 642 733 881 636 228 189 78 0 378 383 72 125 919 0 687 0 481 863 0 0 0 0 74 0 19 488 692 0 931 890 934 464 0 678 343 388 0 35 220 911 245 300 638 236 0 65 206 386 964 0 435 0 866 32 816 529 433 0 104 71 0 489 433 534 294 0 0 832 954 0 56 0 135 0 959 0 162 0 664 938 545 980 76 0 0 0 473 693 0 753 60 0 687 772 178 972 800 790 615 428 152 409 772 0 329 510 0 0 574 0 917 753 592 0 509 505 0 80 0 0 124 724 992 17 171 117 0 276 603 144 810 948 877 579 173 210 543 848 
0 881 820 0 76 239 669 68 0 0 0 764 0 474 664 89 909 360 0 340 724 0 991 361 0 0 663 504 0 541 74 0 474 490 849 0 846 547 910 0 887 787 760 0 279 472 383 364 0 753 0 882 0 309 69 660 0 920 67 441 26 0 0 471 0 0 738 0 714 0 297 81 302 616 0 0 987 949 321 0 0 36 396 686 0 330 0 658 477 0 446 143 262 11 988 612 559 263 243 104 910 121 861 570 856 779 431 595 30 0 429 520 0 587 336 157 366 598 93 686 324 0 421 39 254 907 66 0 878 623 0 147 111 28 213 268 0 564 749 0 834 0 0 348 429 0 102 
153 32 316 274 0 902 920 386 450 122 0 905 0 431 640 244 722 0 247 198 451 583 103 10 88 792 0 0 326 0 0 474 0 0 194 562 771 0 885 308 837 369 0 734 530 0 291 654 0 75 427 145 0 181 457 0 311 104 0 0 236 150 896 0 526 505 963 302 814 0 0 0 0 343 0 847 0 944 430 71 317 70 13 0 0 693 0 549 0 240 0 135 357 221 630 702 221 394 624 203 0 0 871 461 0 546 263 224 0 973 681 610 696 526 0 275 0 613 0 834 0 0 617 198 937 0 0 315 33 688 831 431 0 417 0 0 555 891 802 212 0 378 458 0 103 475 145 
652 223 410 919 76 0 0 573 689 883 369 52 330 810 13 54 566 226 0 102 338 900 110 733 140 745 0 0 0 403 19 490 0 0 778 990 0 0 490 693 568 505 957 497 700 124 0 8 52 129 538 992 0 617 845 471 499 284 0 17 973 787 262 0 561 472 731 182 733 387 153 347 0 202 175 0 324 48 147 20 26 585 0 323 869 0 365 0 445 0 503 877 185 508 0 500 579 603 977 204 800 26 29 0 857 766 219 360 696 986 0 0 505 998 873 990 676 526 160 275 209 372 5 0 84 0 0 633 998 987 782 832 592 672 0 0 366 391 39 41 232 402 78 410 160 931 697 
637 85 422 542 455 693 499 875 824 85 0 447 577 142 406 0 0 0 0 0 481 601 382 837 820 933 443 365 0 0 488 849 194 778 0 602 867 733 679 678 923 870 65 953 367 158 520 64 0 314 981 919 0 300 744 0 283 803 367 466 126 476 258 398 297 398 838 0 109 539 792 0 0 556 473 527 318 516 0 393 0 329 807 405 138 70 185 0 287 41 0 302 277 0 306 705 519 662 517 0 438 234 0 218 618 243 90 743 0 20 950 679 535 313 0 199 771 0 0 337 765 805 0 0 134 250 612 0 613 0 0 154 370 478 691 743 0 712 766 346 399 392 417 726 146 25 0 
437 339 689 997 153 893 63 182 0 427 774 0 114 0 842 557 525 224 0 938 186 310 28 302 0 703 537 229 824 540 692 0 562 990 602 0 154 927 87 0 184 109 568 463 986 899 0 184 811 0 189 73 504 287 553 0 483 964 562 0 343 0 519 0 500 407 870 94 223 615 273 936 417 750 960 853 952 731 273 84 0 664 105 618 23 434 278 395 57 933 158 529 398 840 699 411 361 260 330 482 580 489 456 0 0 597 821 581 578 788 726 90 0 699 0 0 0 802 0 0 714 0 23 46 989 476 0 0 971 510 911 773 687 0 250 950 241 0 28 806 0 716 894 184 880 181 0 
898 928 222 0 470 484 299 133 147 520 0 263 867 874 315 625 0 0 181 843 154 443 0 424 688 0 909 623 0 602 0 846 771 0 867 154 0 109 0 994 921 55 625 506 315 191 0 673 0 471 300 0 21 478 0 188 728 0 206 0 52 87 95 9 335 157 298 403 439 635 0 0 0 140 204 878 98 743 0 430 490 546 360 96 632 550 993 683 998 0 555 964 0 0 149 424 417 656 8 690 427 7 75 782 83 948 243 741 0 737 615 550 709 478 789 633 416 0 971 352 75 79 161 0 0 481 0 336 0 169 270 799 515 391 79 618 290 687 24 714 0 210 581 0 764 742 690 
0 228 762 61 877 489 442 0 201 262 911 0 802 673 764 508 125 0 0 557 674 585 960 384 877 342 784 837 979 636 931 547 0 0 733 927 109 0 363 90 824 175 925 316 241 0 233 230 113 653 699 0 600 0 121 325 0 0 0 213 0 165 276 0 947 543 0 0 0 475 496 647 977 724 0 659 0 749 952 624 82 382 924 813 808 166 726 705 912 611 0 673 323 0 0 309 0 390 282 450 350 158 981 545 959 377 0 0 817 477 766 758 594 991 946 806 589 263 270 0 124 355 0 870 261 0 877 314 383 437 799 799 0 0 0 315 696 94 806 0 984 0 202 493 949 294 225 
786 891 530 362 173 946 465 120 45 0 564 829 642 0 988 355 0 0 411 633 545 0 0 846 966 667 0 249 0 371 890 910 885 490 679 87 0 363 0 18 191 0 0 487 633 0 241 0 58 735 86 408 0 499 953 677 758 378 204 0 204 0 0 938 272 855 486 828 474 476 188 805 886 0 513 910 318 678 7 98 36 96 747 0 424 476 611 377 442 0 876 820 0 993 340 977 0 763 356 352 0 84 911 94 0 295 36 543 753 0 717 837 0 66 808 522 92 775 496 867 319 0 541 995 0 637 144 0 70 0 669 412 0 627 34 909 81 390 915 213 0 149 345 322 0 934 620 
191 0 132 954 735 956 455 0 859 526 134 70 47 0 0 227 235 0 449 0 374 320 63 686 197 641 266 0 14 678 934 0 308 693 678 0 994 90 18 0 935 0 853 630 0 608 230 222 182 727 397 777 0 0 938 895 698 797 301 367 0 123 0 0 177 545 614 188 93 891 931 0 0 0 643 87 153 814 0 124 0 417 0 302 868 292 831 0 0 0 0 717 896 151 0 0 315 400 0 74 322 0 338 32 912 463 561 328 895 479 391 180 372 160 455 287 957 469 435 535 395 115 673 866 325 0 295 959 0 258 936 0 0 0 59 562 459 706 0 860 639 156 0 299 0 563 554 
0 0 759 149 487 416 853 447 0 695 0 163 0 0 651 657 451 222 199 247 500 758 725 481 56 624 0 993 390 739 464 887 837 568 923 184 921 824 191 935 0 868 713 23 0 352 0 378 879 762 472 493 609 255 0 0 830 0 266 190 108 0 508 270 0 802 706 0 32 431 54 313 400 0 359 0 517 795 0 0 0 0 724 664 825 0 0 309 509 0 0 578 825 0 290 81 0 182 823 196 185 692 61 0 275 633 633 363 936 145 223 0 0 339 0 710 42 0 0 0 563 0 0 481 688 0 50 0 898 50 607 801 0 0 0 184 169 0 905 203 506 319 0 0 0 119 554 
681 407 928 512 624 811 41 334 324 951 0 0 0 789 849 307 737 538 150 156 269 0 394 0 87 60 412 155 319 0 0 787 369 505 870 109 55 175 0 0 868 0 896 553 0 136 466 65 0 265 828 48 847 558 881 500 162 105 342 0 440 859 651 232 891 0 0 456 0 729 751 935 487 231 0 18 385 373 0 0 952 11 993 0 301 0 521 592 841 355 281 395 257 231 428 762 316 329 0 484 215 0 250 770 807 349 585 277 310 938 424 584 155 41 0 11 44 367 234 0 474 0 186 602 693 0 109 931 0 441 215 941 588 821 974 0 538 0 965 921 497 466 91 0 133 893 601 
658 765 655 0 0 990 0 934 321 374 781 315 897 554 525 0 497 635 0 0 645 55 318 636 367 823 961 400 0 306 678 760 0 957 65 568 625 925 0 853 713 896 0 509 658 657 643 318 49 0 859 496 855 450 0 313 195 0 955 348 598 146 532 407 0 771 548 0 616 257 0 0 314 400 0 811 0 648 0 500 0 685 388 604 43 864 0 707 474 0 803 37 865 452 779 610 723 280 135 709 574 0 859 126 0 0 676 258 754 0 169 0 0 46 0 168 79 692 375 90 640 131 85 533 489 0 902 145 187 625 724 203 252 689 870 0 848 100 641 554 582 133 904 369 625 669 995 
644 836 0 499 0 792 892 860 825 417 0 227 260 783 131 662 0 783 212 275 854 299 481 0 277 0 796 658 40 930 343 0 734 497 953 463 506 316 487 630 23 553 509 0 0 610 281 765 0 0 0 0 924 843 246 424 325 797 14 519 931 387 310 52 235 0 638 478 609 735 580 595 743 68 732 0 0 889 801 808 812 25 751 0 0 670 207 110 592 866 255 749 0 0 8 0 832 567 114 524 387 848 946 721 0 703 411 838 38 937 135 495 0 101 0 722 299 890 545 237 0 731 208 385 237 0 523 234 0 199 117 121 306 668 989 128 0 823 0 463 895 563 718 492 195 859 672 
0 113 605 0 944 0 916 252 180 0 0 530 63 605 111 749 397 145 920 48 0 392 948 363 876 874 0 303 579 754 388 279 530 700 367 986 315 241 633 0 0 0 658 0 0 0 789 995 0 0 0 0 0 0 0 939 503 319 606 221 596 566 688 267 920 459 0 0 743 773 0 487 686 0 679 693 739 696 66 0 104 610 0 139 218 896 415 277 693 617 0 659 225 0 730 26 266 988 0 368 331 281 843 859 908 102 113 409 277 213 514 87 674 362 103 720 303 394 516 335 729 551 708 819 0 0 605 788 654 244 0 0 530 462 635 933 837 239 326 482 103 968 730 206 937 0 0 
0 695 693 0 399 0 464 0 717 0 617 652 0 0 172 0 0 894 0 204 666 526 815 651 0 737 0 502 236 933 0 472 0 124 158 899 191 0 0 608 352 136 657 610 0 0 0 286 991 961 0 721 275 42 61 0 290 784 858 271 85 0 136 6 26 354 295 199 647 0 0 0 368 609 433 380 864 373 0 0 62 0 529 0 746 436 196 380 72 0 472 307 0 695 901 725 0 486 804 0 457 0 224 0 0 776 709 821 875 609 0 85 0 0 767 0 0 372 0 468 657 665 0 739 765 911 647 0 804 77 0 916 0 987 0 447 0 314 0 0 148 120 559 475 466 0 615 
544 687 913 412 292 127 0 0 717 0 0 833 737 227 7 663 0 611 0 221 12 915 925 917 962 508 226 448 526 0 35 383 291 0 520 0 0 233 241 230 0 466 643 281 789 0 0 0 0 981 868 578 869 239 0 157 573 318 0 430 547 0 0 0 697 33 367 78 557 334 9 826 0 178 0 343 325 321 0 771 626 638 241 896 0 408 565 699 716 0 838 0 611 0 726 926 196 465 637 266 0 0 0 0 321 491 721 998 990 0 209 0 126 71 31 670 108 616 921 614 351 264 752 595 464 750 0 972 826 567 113 605 300 163 507 395 576 801 177 0 148 74 507 84 301 510 126 
342 180 0 929 474 493 453 0 0 619 0 0 103 327 0 396 291 511 435 0 669 529 11 0 0 806 88 296 66 0 220 364 654 8 64 184 673 230 0 222 378 65 318 765 995 286 0 0 481 548 874 792 862 588 533 0 134 257 405 571 33 602 291 38 383 510 517 527 0 774 609 832 0 810 0 333 864 529 0 0 909 474 457 714 291 511 583 0 0 218 146 0 0 462 0 72 863 0 0 0 199 959 543 400 933 927 722 0 307 757 0 858 0 104 0 231 345 638 519 397 95 108 337 364 702 0 0 572 387 234 880 68 0 0 833 607 0 0 0 377 0 767 681 723 701 284 839 
331 0 0 17 0 333 724 266 597 279 181 0 680 670 737 127 236 205 246 0 453 24 677 813 0 247 962 529 201 989 911 0 0 52 0 811 0 113 58 182 879 0 49 0 0 991 0 481 0 0 0 689 0 0 0 112 39 143 676 305 149 93 945 0 93 583 884 0 735 132 735 434 493 371 624 0 258 0 684 758 0 0 0 812 336 294 619 554 942 157 252 569 498 0 453 840 0 349 418 731 81 0 206 227 446 857 659 591 292 968 774 595 422 0 245 647 233 609 195 831 270 290 354 0 437 327 260 703 915 659 236 0 911 17 167 0 327 86 879 416 904 71 950 855 0 0 0 
149 160 0 270 293 0 639 0 834 0 122 431 14 245 794 398 918 352 0 779 384 33 261 321 301 0 89 216 167 526 245 753 75 129 314 0 471 653 735 727 762 265 0 0 0 961 981 548 0 0 712 749 869 499 443 655 0 545 739 876 302 426 0 136 137 0 467 587 140 459 633 0 0 0 0 40 0 951 701 918 933 123 124 182 0 87 39 0 402 917 0 156 510 0 67 652 122 967 700 87 10 570 0 811 638 89 0 0 0 106 820 998 0 0 635 335 745 682 631 0 764 669 590 0 358 675 277 654 70 403 409 712 888 534 0 0 72 400 0 0 507 298 182 0 275 0 0 
434 938 282 0 614 33 712 0 18 508 912 0 861 896 0 157 606 0 0 354 22 979 618 954 331 268 0 262 360 256 300 0 427 538 981 189 300 699 86 397 472 828 859 0 0 0 868 874 0 712 0 884 772 365 102 988 0 921 338 538 922 0 864 0 160 982 71 926 785 321 784 614 979 670 88 751 0 80 749 850 856 435 540 881 692 401 370 318 11 527 501 0 908 777 978 168 258 340 250 505 833 523 0 818 772 157 0 316 496 296 67 0 0 287 469 454 170 0 491 574 694 309 395 20 477 99 376 840 812 0 606 549 633 899 232 213 0 534 685 177 326 0 976 703 0 807 258 
779 859 673 961 568 99 229 142 526 0 676 0 460 346 0 156 30 969 276 941 0 868 0 287 160 33 960 812 743 0 638 882 145 992 919 73 0 0 408 777 493 48 496 0 0 721 578 792 689 749 884 0 339 494 0 279 0 681 388 0 66 673 0 428 687 629 632 160 0 0 134 252 0 826 0 529 727 260 0 82 68 815 889 54 112 0 0 570 0 0 821 90 0 523 472 0 642 809 165 714 823 777 985 41 476 444 243 356 837 378 981 0 0 192 798 522 0 826 0 882 707 137 0 7 318 545 771 455 0 482 0 991 0 0 707 0 0 547 18 476 675 874 593 98 930 370 286 
0 717 260 969 890 750 63 916 347 61 687 103 162 225 0 69 4 0 226 0 584 652 61 300 803 0 968 568 907 0 236 0 0 0 0 504 21 600 0 0 609 847 855 924 0 275 869 862 0 869 772 339 0 174 467 60 462 952 0 266 67 225 0 150 753 0 0 0 41 771 0 400 543 113 362 0 0 0 354 129 114 313 171 597 687 314 165 870 0 610 148 538 0 413 903 411 32 0 0 104 0 208 667 120 518 0 96 453 0 770 554 566 817 0 124 870 0 662 104 247 416 478 834 206 963 156 0 163 0 763 358 676 223 353 0 386 0 0 816 910 190 751 96 493 148 900 161 
291 0 71 927 866 498 0 0 943 386 0 0 0 0 945 144 684 197 596 0 997 154 0 0 548 16 358 390 0 0 0 309 181 617 300 287 478 0 499 0 255 558 450 843 0 42 239 588 0 499 365 494 174 0 601 982 318 231 110 50 587 388 0 496 0 83 328 761 0 810 15 0 0 374 777 0 332 217 751 581 598 929 760 720 163 387 62 0 572 776 358 0 907 810 10 694 114 32 893 818 219 0 91 725 218 714 0 103 210 0 0 55 698 713 270 0 121 349 632 903 479 99 401 0 44 447 216 572 838 649 977 322 436 425 0 458 791 0 206 957 80 863 0 0 998 285 0 
531 0 335 204 341 435 199 253 0 0 936 280 0 840 511 382 31 70 737 334 590 0 125 0 398 271 0 958 31 97 65 69 457 845 744 553 0 121 953 938 0 881 0 246 0 61 0 533 0 443 102 0 467 601 0 989 941 0 65 549 0 0 954 0 482 670 846 657 0 781 181 0 863 0 958 533 81 973 468 85 479 0 336 0 191 0 0 410 0 301 563 297 0 911 731 724 738 593 0 628 234 935 423 458 940 822 775 123 512 793 509 904 634 867 0 0 0 684 0 958 51 170 548 416 667 382 510 554 857 277 0 31 347 0 396 94 473 826 831 755 794 583 355 165 442 0 359 
0 0 912 25 454 336 888 785 627 992 48 155 0 2 554 0 793 0 0 0 0 926 0 620 552 0 109 685 0 37 206 660 0 471 0 0 188 325 677 895 0 500 313 424 939 0 157 0 112 655 988 279 60 982 989 0 743 142 0 6 340 0 607 135 153 217 53 448 998 169 248 619 104 763 393 45 202 989 77 650 227 887 963 972 590 587 7 689 911 776 0 848 0 380 642 607 201 474 642 817 131 0 182 367 861 453 95 340 324 0 386 184 627 218 0 311 0 524 0 392 0 843 0 0 440 0 210 40 15 114 0 373 711 0 408 495 0 0 815 718 32 943 0 711 819 627 211 
95 0 972 0 727 129 848 0 290 783 87 883 41 839 976 743 348 0 561 226 434 740 186 0 606 0 190 296 995 645 386 0 311 499 283 483 728 0 758 698 830 162 195 325 503 290 573 134 39 0 0 0 462 318 941 743 0 0 810 0 735 401 742 956 780 555 312 658 154 785 221 767 427 0 0 0 0 8 547 0 474 553 754 991 544 192 0 866 909 0 602 0 0 538 92 0 454 257 728 349 0 129 975 373 930 378 0 133 795 0 428 0 451 276 136 546 847 740 601 235 0 103 0 402 0 0 314 0 673 0 387 666 514 648 153 0 0 850 375 495 561 0 810 0 45 39 186 
736 595 121 547 0 831 172 463 377 338 891 507 0 727 91 0 194 19 373 313 47 194 60 652 0 0 432 6 563 986 964 920 104 284 803 964 0 0 378 797 0 105 0 797 319 784 318 257 143 545 921 681 952 231 0 142 0 0 0 831 673 938 197 66 0 216 758 0 0 736 274 950 55 0 467 509 236 454 0 452 0 80 0 915 399 0 267 0 164 260 222 671 343 831 235 554 0 961 521 631 268 824 540 907 352 0 215 0 492 73 0 955 738 222 0 845 4 571 147 773 708 774 0 0 572 176 589 0 114 372 302 0 882 0 293 257 143 480 404 0 991 267 882 0 104 705 0 
357 222 0 98 108 699 58 864 331 274 0 0 71 909 0 601 48 285 354 0 355 191 419 488 626 800 728 978 931 846 0 67 0 0 367 562 206 0 204 301 266 342 955 14 606 858 0 405 676 739 338 388 0 110 65 0 810 0 0 0 272 749 649 64 718 600 28 994 138 302 0 944 432 647 0 244 56 137 749 378 357 567 449 0 0 681 302 0 559 26 0 0 341 480 745 791 868 284 0 540 532 792 0 0 0 364 2 774 416 391 471 855 56 924 188 369 194 958 916 0 0 0 450 912 607 0 750 714 122 0 480 275 16 0 937 868 796 215 342 0 976 0 992 0 364 797 206 
476 595 669 0 800 584 337 0 668 233 63 384 620 0 691 368 0 583 278 722 605 0 378 97 0 29 0 885 351 474 435 441 0 17 466 0 0 213 0 367 190 0 348 519 221 271 430 571 305 876 538 0 266 50 549 6 0 831 0 0 657 0 660 0 0 904 213 530 215 996 729 0 826 384 622 0 0 134 249 741 846 0 307 0 510 0 0 0 651 328 981 574 543 0 787 40 890 0 315 459 318 883 359 229 858 361 198 0 520 673 631 862 465 469 941 599 781 614 628 193 141 0 352 222 84 0 0 639 777 128 606 0 25 54 0 0 321 140 697 239 375 280 0 0 594 0 328 
754 0 0 336 734 534 0 286 36 0 723 0 268 20 17 4 573 0 708 0 306 0 835 483 0 989 0 72 0 156 0 26 236 973 126 343 52 0 204 0 108 440 598 931 596 85 547 33 149 302 922 66 67 587 0 340 735 673 272 657 0 0 362 654 560 674 640 698 788 18 128 634 0 835 0 948 0 384 271 83 608 0 536 595 949 0 638 0 605 504 0 422 0 274 541 0 185 703 386 0 0 534 747 741 280 670 547 100 6 949 712 306 179 0 671 0 0 283 357 191 533 729 612 152 210 231 0 0 452 930 210 818 165 421 0 343 0 239 973 153 561 68 0 0 114 917 14 
0 186 217 58 574 746 681 421 709 418 876 255 0 755 0 963 357 111 524 178 788 175 429 0 289 114 0 87 0 66 866 0 150 787 476 0 87 165 0 123 0 859 146 387 566 0 0 602 93 426 0 673 225 388 0 0 401 938 749 0 0 0 115 144 942 0 0 686 261 341 420 0 221 191 919 0 166 991 0 499 556 399 96 0 0 385 256 56 689 385 0 0 200 857 0 876 99 0 216 97 605 395 134 0 324 418 28 187 239 366 435 975 432 514 274 814 664 0 865 98 396 0 586 701 560 0 273 0 848 444 225 314 261 0 337 591 395 458 14 371 894 0 871 575 993 837 907 
0 0 296 0 566 475 47 701 770 0 0 0 569 539 721 593 286 447 104 671 9 673 215 0 0 556 51 0 891 623 32 0 896 262 258 519 95 276 0 0 508 651 532 310 688 136 0 291 945 0 864 0 0 0 954 607 742 197 649 660 362 115 0 0 348 744 77 602 647 0 507 756 694 275 0 863 989 334 41 0 184 867 0 0 839 262 445 775 406 0 347 716 677 881 3 138 286 0 0 970 921 0 292 627 441 948 0 0 73 227 322 0 218 0 255 845 651 581 52 452 181 888 755 625 379 518 328 483 235 0 631 257 294 283 0 53 895 0 239 591 782 0 0 437 148 313 0 
666 89 0 0 322 951 752 296 593 105 0 909 0 0 515 0 502 22 0 730 78 323 481 682 968 939 973 0 668 600 816 471 0 0 398 0 9 0 938 0 270 232 407 52 267 6 0 38 0 136 0 428 150 496 0 135 956 66 64 0 654 144 0 0 0 21 279 363 352 380 507 806 599 62 29 817 898 935 390 778 0 663 0 647 0 289 636 815 355 836 0 78 0 785 868 277 174 569 883 147 982 416 0 452 214 946 656 962 0 859 735 576 725 452 874 237 117 336 0 658 722 0 676 725 911 0 253 161 759 0 525 546 0 340 23 529 435 502 877 532 302 444 0 274 0 781 734 
629 0 0 72 412 321 380 0 504 517 554 693 586 438 311 449 698 442 536 112 657 990 937 242 955 127 419 0 466 627 529 0 526 561 297 500 335 947 272 177 0 891 0 235 920 26 697 383 93 137 160 687 753 0 482 153 780 0 718 0 560 942 348 0 0 0 195 92 266 246 0 828 0 34 559 0 44 813 0 682 590 73 0 808 0 180 100 966 56 193 240 411 0 419 854 527 849 476 0 360 601 0 425 802 78 0 0 0 561 106 0 566 0 818 0 448 83 170 243 0 544 904 871 0 46 56 89 454 959 78 0 501 0 0 0 936 799 634 354 782 719 0 874 314 19 289 0 
714 276 581 338 122 977 819 0 690 532 611 777 0 391 0 256 773 392 866 881 553 0 250 0 831 0 25 141 661 243 433 0 505 472 398 407 157 543 855 545 802 0 771 0 459 354 33 510 583 0 982 629 0 83 670 217 555 216 600 904 674 0 744 21 0 0 365 753 655 0 254 371 709 207 23 301 40 930 999 0 63 88 465 388 773 0 472 526 631 0 756 0 752 901 223 155 0 318 0 484 195 996 0 83 650 83 0 148 838 297 892 517 0 0 0 0 967 0 627 679 0 0 0 479 658 17 293 176 966 449 352 133 0 0 531 279 649 404 856 285 126 10 153 65 465 0 0 
9 0 642 743 390 488 250 246 0 342 784 152 326 627 34 957 602 54 26 649 0 153 600 0 782 333 0 952 548 875 0 738 963 731 838 870 298 0 486 614 706 0 548 638 0 295 367 517 884 467 71 632 0 328 846 53 312 758 28 213 640 0 77 279 195 365 0 521 749 32 440 500 948 686 0 0 585 455 921 67 0 644 287 294 634 159 0 91 461 98 0 988 674 56 815 872 49 867 885 0 606 353 869 0 442 0 189 557 949 798 216 602 592 340 0 885 292 75 10 590 239 0 0 622 0 692 242 0 817 535 33 172 198 0 640 240 457 114 0 413 647 834 0 172 430 218 895 
76 483 0 0 602 892 0 989 789 815 0 961 848 916 734 909 950 334 552 0 0 119 476 103 399 626 880 0 170 282 104 0 302 182 0 94 403 0 828 188 0 456 0 478 0 199 78 527 0 587 926 160 0 761 657 448 658 0 994 530 698 686 602 363 92 753 521 0 46 338 752 0 259 0 501 583 474 783 141 825 119 0 0 0 305 257 119 0 89 218 0 0 541 488 439 281 0 0 221 0 333 873 823 0 0 0 44 0 672 0 527 86 269 780 454 802 926 207 0 715 0 0 814 597 74 831 839 412 907 632 579 321 884 698 66 279 0 695 0 294 234 117 548 0 205 0 0 
460 678 0 0 579 311 0 830 919 373 819 332 0 706 77 0 753 967 812 934 0 0 837 809 128 0 50 0 276 961 71 714 814 733 109 223 439 0 474 93 32 0 616 609 743 647 557 0 735 140 785 0 41 0 0 998 154 0 138 215 788 261 647 352 266 655 749 46 0 0 179 147 607 6 0 290 0 107 826 975 858 522 0 0 208 0 0 0 0 0 221 38 38 14 916 680 0 113 0 356 0 0 841 0 912 343 237 646 555 865 964 646 146 95 0 0 0 573 951 342 622 700 130 389 0 504 698 258 0 977 254 10 0 563 476 0 556 0 828 522 520 513 518 961 0 242 765 
782 850 0 935 0 284 0 0 515 319 0 169 647 559 0 286 602 591 807 460 217 702 356 880 918 543 242 790 0 787 0 0 0 387 539 615 635 475 476 891 431 729 257 735 773 0 334 774 132 459 321 0 771 810 781 169 785 736 302 996 18 341 0 380 246 0 32 338 0 0 0 169 523 578 0 0 296 678 121 512 0 0 0 146 828 502 603 0 362 875 844 898 0 0 335 918 0 0 115 0 863 0 822 265 0 110 414 309 280 419 97 0 0 841 308 595 552 0 521 154 858 0 278 861 51 156 0 145 87 728 761 750 763 0 614 0 636 440 620 0 521 455 205 708 646 772 370 
520 777 10 374 198 421 230 0 942 543 713 0 0 859 353 631 571 117 717 303 853 102 230 885 615 288 0 271 0 0 489 297 0 153 792 273 0 496 188 931 54 751 0 580 0 0 9 609 735 633 784 134 0 15 181 248 221 274 0 729 128 420 507 507 0 254 440 752 179 0 0 613 302 134 196 815 323 0 0 0 0 380 458 488 19 0 738 852 0 700 595 736 0 717 834 391 516 177 0 891 847 0 692 327 0 840 0 869 661 394 338 0 3 66 0 0 10 299 0 214 569 0 195 494 0 166 423 0 0 0 537 0 770 111 396 822 136 40 792 862 487 851 557 0 358 365 7 
0 606 362 817 699 314 159 981 697 860 0 196 0 769 925 177 568 255 783 883 97 97 658 453 787 0 847 733 83 627 433 81 0 347 0 936 0 647 805 0 313 935 0 595 487 0 826 832 434 0 614 252 400 0 0 619 767 950 944 0 634 0 756 806 828 371 500 0 147 169 613 0 710 235 474 0 0 0 592 265 287 511 459 69 872 156 520 915 459 176 10 0 841 561 39 560 682 921 655 718 0 764 977 256 133 52 231 670 299 399 695 20 0 0 774 613 243 0 808 559 0 402 669 243 809 376 238 0 0 0 960 0 0 0 828 982 629 987 0 651 426 452 996 95 483 0 354 
51 593 93 0 0 255 388 0 5 0 0 0 649 43 773 925 736 0 310 0 0 761 715 0 135 665 948 516 9 0 534 302 0 0 0 417 0 977 886 0 400 487 314 743 686 368 0 0 493 0 979 0 543 0 863 104 427 55 432 826 0 221 694 599 0 709 948 259 607 523 302 710 0 0 45 831 890 0 338 52 258 425 520 294 0 661 979 364 356 147 706 0 0 859 0 841 253 788 0 490 406 0 226 0 0 754 670 205 0 0 0 275 595 0 292 621 0 580 47 429 699 137 342 266 829 307 0 570 0 0 502 480 629 0 633 0 230 131 70 692 625 724 0 480 785 318 248 
0 758 544 645 47 850 884 0 471 0 367 0 0 54 0 693 218 641 335 0 738 570 545 166 278 810 755 0 0 783 294 616 343 202 556 750 140 724 0 0 0 231 400 68 0 609 178 810 371 0 670 826 113 374 0 763 0 0 647 384 835 191 275 62 34 207 686 0 6 578 134 235 0 0 94 611 562 217 0 95 647 953 0 0 245 0 461 987 857 0 0 665 729 520 626 553 834 349 783 849 618 837 424 116 534 419 706 312 661 0 576 751 0 211 0 952 0 494 952 412 0 28 598 200 431 68 281 0 202 424 150 490 0 695 688 248 0 0 0 0 664 465 631 207 540 604 242 
0 674 540 46 874 0 875 491 369 413 753 15 478 108 148 562 840 0 232 916 0 0 440 551 861 53 942 0 0 158 0 0 0 175 473 960 204 0 513 643 359 0 0 732 679 433 0 0 624 0 88 0 362 777 958 393 0 467 0 622 0 919 0 29 559 23 0 501 0 0 196 474 45 94 0 137 348 339 4 0 647 689 174 692 585 312 889 430 0 435 117 306 273 690 0 0 0 494 609 55 0 0 829 193 663 0 284 47 628 376 0 493 534 17 815 218 0 926 854 0 212 318 213 679 718 670 0 952 595 145 337 534 0 716 798 102 920 48 842 349 877 218 66 733 580 651 436 
790 767 387 252 26 755 150 868 0 898 0 858 370 455 810 895 208 212 365 0 0 0 916 0 830 132 0 705 0 373 0 0 847 0 527 853 878 659 910 87 0 18 811 0 693 380 343 333 0 40 751 529 0 0 533 45 0 509 244 0 948 0 863 817 0 301 0 583 290 0 815 0 831 611 137 0 0 924 398 479 367 785 0 0 550 663 553 545 0 868 725 47 0 670 269 5 757 0 455 295 368 0 0 587 486 0 61 63 738 250 376 0 924 844 0 433 940 0 284 562 0 245 420 162 798 103 970 650 985 929 0 0 0 690 306 814 726 688 300 169 93 616 438 248 369 640 131 
156 147 0 288 929 0 806 656 0 0 0 183 419 887 128 0 953 617 0 0 438 369 0 0 661 331 985 105 0 39 832 987 0 324 318 952 98 0 318 153 517 385 0 0 739 864 325 864 258 0 0 727 0 332 81 202 0 236 56 0 0 166 989 898 44 40 585 474 0 296 323 0 890 562 348 0 0 156 964 0 0 113 218 826 1 272 399 349 0 480 384 0 709 147 632 974 6 0 917 0 293 39 0 0 397 0 276 134 0 0 479 347 279 0 541 0 462 0 0 878 0 467 357 28 0 335 377 965 0 0 820 0 0 614 0 755 362 0 0 0 713 590 323 765 641 0 804 
447 0 0 64 116 0 900 220 0 148 6 590 954 883 0 0 0 856 170 829 596 33 34 438 369 250 791 499 394 0 954 949 944 48 516 731 743 749 678 814 795 373 648 889 696 373 321 529 0 951 80 260 0 217 973 989 8 454 137 134 384 991 334 935 813 930 455 783 107 678 0 0 0 217 339 924 156 0 604 0 720 601 0 0 727 379 733 429 550 0 0 148 548 495 0 144 370 0 420 0 0 922 413 883 970 335 0 36 81 0 0 861 555 100 654 0 172 554 384 210 963 919 652 883 4 178 825 262 101 89 0 756 740 173 104 873 655 0 362 0 0 304 843 981 153 0 509 
0 933 62 0 444 177 435 50 309 0 618 0 922 0 209 88 474 398 0 483 0 965 181 635 0 0 571 962 311 28 0 321 430 147 0 273 0 952 7 0 0 0 0 801 66 0 0 0 684 701 749 0 354 751 468 77 547 0 749 249 271 0 41 390 0 999 921 141 826 121 0 592 338 0 4 398 964 604 0 174 293 0 331 857 0 0 0 0 784 766 91 356 260 170 850 860 132 908 908 507 277 368 0 0 127 0 632 230 0 212 417 372 469 682 604 524 224 689 0 372 903 0 0 451 303 516 340 696 0 462 0 648 519 807 394 893 0 500 0 0 705 205 887 645 96 800 993 
413 934 33 172 165 0 725 0 396 0 167 0 429 0 112 381 0 603 225 937 0 0 481 0 654 929 0 422 0 40 56 0 71 20 393 84 430 624 98 124 0 0 500 808 0 0 771 0 758 918 850 82 129 581 85 650 0 452 378 741 83 499 0 778 682 0 67 825 975 512 0 265 52 95 0 479 0 0 174 0 0 688 925 966 280 105 931 261 275 563 781 0 828 514 100 40 942 0 0 14 795 465 714 880 570 835 332 435 262 429 753 580 811 788 712 0 71 0 0 0 240 215 0 521 953 731 845 384 468 0 0 775 626 0 0 0 683 887 910 0 173 630 279 0 806 645 876 
536 27 0 316 0 279 10 116 725 257 751 0 677 505 602 812 886 883 959 0 0 702 814 116 335 0 840 270 0 128 0 0 317 26 0 0 490 82 36 0 0 952 0 812 104 62 626 909 0 933 856 68 114 598 479 227 474 0 357 846 608 556 184 0 590 63 0 119 858 0 0 287 258 647 647 367 0 720 293 0 0 325 0 332 304 82 807 631 0 670 496 157 0 881 985 402 630 232 45 0 607 892 920 0 633 797 755 429 848 263 984 440 289 416 848 0 160 429 724 85 0 359 656 876 698 0 317 126 791 0 50 0 0 109 0 0 705 770 173 161 519 0 196 901 0 0 0 
856 121 932 994 87 7 0 96 573 375 0 479 255 460 0 315 0 688 0 412 603 490 327 808 734 568 404 0 0 540 135 36 70 585 329 664 546 382 96 417 0 11 685 25 610 0 638 474 0 123 435 815 313 929 0 887 553 80 567 0 0 399 867 663 73 88 644 0 522 0 380 511 425 953 689 785 113 601 0 688 325 0 28 0 0 136 0 0 676 750 285 0 0 384 276 539 0 0 913 0 660 884 91 969 520 0 339 545 101 236 269 683 957 602 724 962 250 362 184 676 60 934 111 0 286 0 330 782 21 351 892 0 659 712 0 856 705 223 789 0 970 10 796 469 446 0 490 
946 406 318 777 871 477 0 246 438 789 155 0 201 0 0 0 0 553 989 568 394 510 0 465 411 929 0 0 0 0 0 396 13 0 807 105 360 924 747 0 724 993 388 751 0 529 241 457 0 124 540 889 171 760 336 963 754 0 449 307 536 96 0 0 0 465 287 0 0 0 458 459 520 0 174 0 218 0 331 925 0 28 0 0 379 417 159 571 0 440 956 0 833 138 981 868 575 356 0 819 79 186 407 998 0 809 61 582 855 853 818 550 250 100 34 387 537 341 24 413 445 897 904 384 960 259 928 11 597 966 787 0 35 79 637 986 316 166 0 302 948 644 453 816 0 666 276 
511 0 0 184 0 271 0 194 661 0 985 612 326 765 0 569 153 539 5 573 700 651 0 448 41 912 0 606 954 652 959 686 0 323 405 618 96 813 0 302 664 0 604 0 139 0 896 714 812 182 881 54 597 720 0 972 991 915 0 0 595 0 0 647 808 388 294 0 0 146 488 69 294 0 692 0 826 0 857 966 332 0 0 0 966 0 155 864 187 204 856 375 148 0 451 752 0 0 227 0 0 0 433 668 0 172 653 0 567 0 652 115 326 601 243 432 456 960 0 410 0 353 286 125 433 858 663 935 132 980 0 414 862 936 937 505 704 898 895 598 164 0 363 929 483 858 246 
806 433 617 404 466 262 0 173 518 454 456 696 0 0 865 398 729 939 318 611 149 314 0 672 0 615 714 766 266 0 0 0 0 869 138 23 632 808 424 868 825 301 43 0 218 746 0 291 336 0 692 112 687 163 191 590 544 399 0 510 949 0 839 0 0 773 634 305 208 828 19 872 0 245 585 550 1 727 0 280 304 0 379 966 0 0 668 715 14 357 641 0 7 284 771 0 0 0 617 604 0 610 0 738 972 533 255 477 350 51 392 582 0 999 789 617 955 924 0 0 373 536 691 375 415 0 611 164 454 153 70 516 610 327 0 0 369 903 0 0 0 850 101 514 0 596 0 
0 372 809 0 45 0 775 140 0 552 857 0 0 0 281 372 873 755 206 831 655 915 161 0 964 581 0 0 0 8 162 330 693 0 70 434 550 166 476 292 0 0 864 670 896 436 408 511 294 87 401 0 314 387 0 587 192 0 681 0 0 385 262 289 180 0 159 257 0 502 0 156 661 0 312 663 272 379 0 105 82 136 417 0 0 0 0 960 231 0 0 564 721 24 230 9 852 0 687 89 856 450 0 115 470 260 324 275 0 98 779 0 297 655 388 426 930 288 558 32 129 726 908 908 0 640 0 683 210 757 314 627 92 0 895 608 295 0 387 0 227 0 755 504 593 0 322 
180 129 0 86 516 0 130 621 369 246 0 464 0 0 911 0 956 648 127 105 545 488 220 615 979 766 0 0 371 498 0 0 0 365 185 278 993 726 611 831 0 521 0 207 415 196 565 583 619 39 370 0 165 62 0 7 0 267 302 0 638 256 445 636 100 472 0 119 0 603 738 520 979 461 889 553 399 733 0 931 807 0 159 155 668 0 0 59 0 536 736 300 352 106 0 189 368 249 0 232 626 674 171 0 627 704 833 642 0 611 182 198 63 848 269 324 636 0 488 48 529 20 337 852 638 803 456 0 835 0 300 720 284 834 0 870 91 0 392 0 253 0 0 306 940 859 0 
915 434 881 81 815 711 107 218 0 148 220 0 528 851 838 0 88 815 853 512 122 753 0 678 579 0 822 0 0 899 664 658 549 0 0 395 683 705 377 0 309 592 707 110 277 380 699 0 554 0 318 570 870 0 410 689 866 0 0 0 0 56 775 815 966 526 91 0 0 0 852 915 364 987 430 545 349 429 0 261 631 0 571 864 715 960 59 0 0 497 683 422 683 963 15 282 915 330 738 857 511 581 489 0 780 34 210 530 200 514 603 0 919 910 586 52 529 400 0 415 822 768 0 760 724 329 551 0 79 59 0 214 329 0 980 311 438 581 257 980 499 0 398 18 0 0 88 
669 264 473 519 0 706 0 795 589 928 0 254 0 474 0 335 939 153 24 549 306 107 198 232 350 730 621 130 866 0 938 477 0 445 287 57 998 912 442 0 509 841 474 592 693 72 716 0 942 402 11 0 0 572 0 911 909 164 559 651 605 689 406 355 56 631 461 89 0 362 0 459 356 857 0 0 0 550 784 275 0 676 0 187 14 231 0 0 0 0 166 450 0 121 441 199 916 251 868 390 452 704 929 954 755 0 105 101 454 415 917 0 0 319 0 179 0 388 70 627 169 782 0 0 0 217 314 894 0 0 406 970 694 656 0 813 0 123 426 929 979 235 331 0 0 264 916 
139 0 0 0 0 0 50 635 467 78 373 758 152 423 814 956 40 0 0 994 157 622 160 930 310 897 0 796 535 126 545 0 240 0 41 933 0 611 0 0 0 355 0 866 617 0 0 218 157 917 527 0 610 776 301 776 0 260 26 328 504 385 0 836 193 0 98 218 0 875 700 176 147 0 435 868 480 0 766 563 670 750 440 204 357 0 536 497 0 0 564 137 175 870 0 431 253 317 36 239 869 0 449 0 34 377 480 984 808 808 353 0 714 0 455 497 749 457 829 581 186 589 0 0 249 0 992 328 0 80 0 7 0 0 298 742 34 737 597 396 0 6 165 0 871 515 679 
611 454 685 908 753 760 0 963 855 536 132 0 10 0 892 510 120 240 0 877 588 0 293 831 0 44 77 508 0 0 980 446 0 503 0 158 555 0 876 0 0 281 803 255 0 472 838 146 252 0 501 821 148 358 563 0 602 222 0 981 0 0 347 0 240 756 0 0 221 844 595 10 706 0 117 725 384 0 91 781 496 285 956 856 641 0 736 683 166 564 0 484 980 90 185 827 314 849 0 0 0 138 937 0 684 546 0 0 567 473 0 899 0 748 74 476 215 836 450 375 917 0 618 476 643 791 234 100 0 245 276 442 0 0 169 188 915 671 0 63 518 192 383 0 141 266 134 
0 770 350 0 0 772 293 297 864 21 40 447 0 844 436 413 564 396 0 529 330 556 0 941 63 530 606 545 0 686 76 143 135 877 302 529 964 673 820 717 578 395 37 749 659 307 0 0 569 156 0 90 538 0 297 848 0 671 0 574 422 0 716 78 411 0 988 0 38 898 736 0 0 665 306 47 0 148 356 0 157 0 0 375 0 564 300 422 450 137 484 0 665 685 503 265 0 974 650 0 140 0 0 372 291 684 203 4 179 516 701 0 705 0 294 0 128 334 31 613 0 521 123 0 0 0 0 133 867 923 65 911 450 0 57 228 0 168 145 804 716 0 413 0 827 0 471 
900 0 939 401 538 2 133 0 301 881 0 404 8 717 965 505 723 840 998 541 0 603 120 940 0 0 0 515 611 108 0 262 357 185 277 398 0 323 0 896 825 257 865 0 225 0 611 0 498 510 908 0 0 907 0 0 0 343 341 543 0 200 677 0 0 752 674 541 38 0 0 841 0 729 273 0 709 548 260 828 0 0 833 148 7 721 352 683 0 175 980 665 0 902 986 37 28 8 614 331 237 0 74 358 0 236 0 0 553 747 9 0 402 406 940 329 649 414 0 184 957 361 806 0 0 557 705 0 325 216 520 212 542 728 770 218 0 0 195 256 0 0 761 0 762 28 823 
180 385 0 236 642 878 360 338 0 607 284 553 492 758 0 0 503 255 331 770 0 790 0 0 0 44 579 243 133 626 0 11 221 508 0 840 0 0 993 151 0 231 452 0 0 695 0 462 0 0 777 523 413 810 911 380 538 831 480 0 274 857 881 785 419 901 56 488 14 0 717 561 859 520 690 670 147 495 170 514 881 384 138 0 284 24 106 963 121 870 90 685 902 0 767 526 806 655 707 96 637 693 881 244 625 0 474 0 826 836 378 270 721 0 616 616 509 697 0 0 0 215 353 0 12 0 167 0 743 0 549 0 515 74 191 587 769 546 488 0 661 485 0 455 412 707 853 
105 659 541 0 973 0 812 698 951 130 430 611 158 460 950 659 791 543 215 417 0 127 638 251 697 0 537 0 0 352 0 988 630 0 306 699 149 0 340 0 290 428 779 8 730 901 726 0 453 67 978 472 903 10 731 642 92 235 745 787 541 0 3 868 854 223 815 439 916 335 834 39 0 626 0 269 632 0 850 100 985 276 981 451 771 230 0 15 441 0 185 503 986 767 0 981 577 752 694 0 0 515 123 635 681 163 831 505 56 0 715 0 818 571 0 539 0 668 345 0 0 0 368 0 883 545 687 958 821 318 0 0 232 406 0 937 676 0 541 513 345 820 190 874 26 324 580 
399 160 0 675 0 582 15 646 4 0 55 0 989 0 747 739 392 626 768 0 257 0 802 928 0 725 0 0 0 771 473 612 702 500 705 411 424 309 977 0 81 762 610 0 26 725 926 72 840 652 168 0 411 694 724 607 0 554 791 40 0 876 138 277 527 155 872 281 680 918 391 560 841 553 0 5 974 144 860 40 402 539 868 752 0 9 189 282 199 431 827 265 37 526 981 0 199 627 671 420 429 446 927 267 810 0 0 655 684 34 0 178 222 853 637 543 616 810 0 378 183 617 0 309 121 263 150 0 964 149 889 584 0 205 0 543 714 715 246 0 0 800 895 43 797 366 154 
179 0 0 48 0 464 0 0 682 566 0 0 678 232 0 692 0 921 111 141 0 6 91 0 930 224 712 315 0 780 693 559 221 579 519 361 417 0 0 315 0 316 723 832 266 0 196 863 0 122 258 642 32 114 738 201 454 0 868 890 185 99 286 174 849 0 49 0 0 0 516 682 253 834 0 757 6 370 132 942 630 0 575 0 0 852 368 915 916 253 314 0 28 806 577 199 0 945 733 54 0 16 0 173 304 484 734 0 614 0 440 588 0 490 617 632 0 503 815 231 25 504 0 761 402 0 285 0 473 0 33 0 632 0 456 945 419 251 0 246 914 880 752 148 35 285 337 
309 449 0 875 966 987 0 495 817 0 231 748 853 0 722 0 0 0 397 0 77 0 194 265 0 0 408 885 263 350 0 263 394 603 662 260 656 390 763 400 182 329 280 567 988 486 465 0 349 967 340 809 0 32 593 474 257 961 284 0 703 0 0 569 476 318 867 0 113 0 177 921 788 349 494 0 0 0 908 0 232 0 356 0 0 0 249 330 251 317 849 974 8 655 752 627 945 0 0 251 818 781 426 294 930 0 652 882 0 0 0 376 790 538 902 465 750 385 960 532 367 949 256 0 957 336 13 514 701 382 163 0 408 124 834 713 298 464 405 29 0 117 0 364 658 662 710 
0 634 26 589 294 0 761 811 918 667 271 965 0 561 693 224 369 834 113 820 652 603 450 686 723 0 974 0 939 443 753 243 624 977 517 330 8 282 356 0 823 0 135 114 0 804 637 0 418 700 250 165 0 893 0 642 728 521 0 315 386 216 0 883 0 0 885 221 0 115 0 655 0 783 609 455 917 420 908 0 45 913 0 227 617 687 0 738 868 36 0 650 614 707 694 671 733 0 0 791 936 458 631 606 0 111 764 0 489 266 0 233 55 0 0 689 756 912 0 0 785 0 518 186 79 117 632 440 0 0 780 682 0 648 744 453 169 80 644 552 746 499 0 660 126 327 368 
600 0 653 901 0 201 0 313 0 575 105 0 516 796 0 532 0 0 175 814 428 773 536 0 881 0 123 510 374 0 60 104 203 204 0 482 690 450 352 74 196 484 709 524 368 0 266 0 731 87 505 714 104 818 628 817 349 631 540 459 0 97 970 147 360 484 0 0 356 0 891 718 490 849 55 295 0 0 507 14 0 0 819 0 604 89 232 857 390 239 0 0 331 96 0 420 54 251 791 0 758 825 74 0 786 580 570 0 814 182 0 0 345 164 713 282 901 433 36 626 89 637 327 878 495 0 73 0 15 16 323 542 0 619 0 190 193 423 0 369 0 219 900 246 73 682 419 
574 747 776 966 0 66 628 680 728 778 0 0 0 0 241 940 983 306 167 0 9 317 689 0 150 818 949 283 0 0 0 910 0 800 438 580 427 350 0 322 185 215 574 387 331 457 0 199 81 10 833 823 0 219 234 131 0 268 532 318 0 605 921 982 601 195 606 333 0 863 847 0 406 618 0 368 293 0 277 795 607 660 79 0 0 856 626 511 452 869 0 140 237 637 0 429 0 818 936 758 0 192 914 521 0 460 0 63 465 159 794 280 0 297 187 0 23 491 880 673 214 279 418 820 240 0 371 747 145 43 0 19 0 993 557 0 0 942 312 558 438 687 0 295 250 945 580 
0 524 0 310 220 227 307 32 0 0 287 434 0 519 822 224 0 173 647 0 576 184 582 943 199 0 106 220 10 695 687 121 0 26 234 489 7 158 84 0 692 0 0 848 281 0 0 959 0 570 523 777 208 0 935 0 129 824 792 883 534 395 0 416 0 996 353 873 0 0 0 764 0 837 0 0 39 922 368 465 892 884 186 0 610 450 674 581 704 0 138 0 0 693 515 446 16 781 458 825 192 0 404 0 808 668 0 961 351 860 438 856 0 180 388 967 0 234 193 0 669 227 0 91 0 0 15 0 470 0 960 0 423 808 0 916 705 265 799 0 394 0 309 150 492 0 524 
620 916 636 253 875 696 907 862 492 0 0 716 0 659 843 813 0 0 0 111 854 844 746 0 935 104 616 994 732 61 772 861 871 29 0 456 75 981 911 338 61 250 859 946 843 224 0 543 206 0 0 985 667 91 423 182 975 540 0 359 747 134 292 0 425 0 869 823 841 822 692 977 226 424 829 0 0 413 0 714 920 91 407 433 0 0 171 489 929 449 937 0 74 881 123 927 0 426 631 74 914 404 0 598 0 0 117 0 579 0 970 0 694 660 0 0 907 651 0 989 234 104 948 0 980 453 668 925 0 0 59 988 0 272 789 0 928 0 957 224 215 0 394 0 744 0 0 
906 720 320 293 142 0 84 0 0 826 0 0 0 768 0 631 510 357 555 886 0 676 758 0 732 864 980 606 769 516 178 570 461 0 218 0 782 545 94 32 0 770 126 721 859 0 0 400 227 811 818 41 120 725 458 367 373 907 0 229 741 0 627 452 802 83 0 0 0 265 327 256 0 116 193 587 0 883 0 880 0 969 998 668 738 115 0 0 954 0 0 372 358 244 635 267 173 294 606 0 521 0 598 0 103 969 735 892 329 308 774 0 0 67 491 996 0 549 265 453 867 838 148 152 0 127 132 593 610 599 469 689 538 681 550 699 67 0 835 720 963 338 881 0 376 352 0 
0 5 902 29 548 570 517 714 173 301 191 256 177 886 690 0 382 558 0 67 914 459 115 394 790 749 600 244 790 256 972 856 0 857 618 0 83 959 0 912 275 807 0 0 908 0 321 933 446 638 772 476 518 218 940 861 930 352 0 858 280 324 441 214 78 650 442 0 912 0 0 133 0 534 663 486 397 970 127 570 633 520 0 0 972 470 627 780 755 34 684 291 0 625 681 810 304 930 0 786 0 808 0 103 0 272 425 343 362 312 0 0 325 938 689 247 73 710 441 8 17 90 0 398 786 824 826 896 992 115 697 0 824 995 25 409 0 17 260 0 0 29 0 577 0 477 0 
244 4 451 443 722 249 730 0 0 0 461 0 427 809 729 490 648 344 0 0 579 287 0 685 254 554 435 372 0 0 800 779 546 766 243 597 948 377 295 463 633 349 0 703 102 776 491 927 857 89 157 444 0 714 822 453 378 0 364 361 670 418 948 946 0 83 0 0 343 110 840 52 754 419 0 0 0 335 0 835 797 0 809 172 533 260 704 34 0 377 546 684 236 0 163 0 484 0 111 580 460 668 0 969 272 0 232 437 0 948 496 557 0 0 411 324 650 238 934 71 474 402 0 146 530 0 781 692 760 0 0 581 963 0 632 0 0 846 511 198 668 335 0 376 637 590 993 
979 955 0 83 871 36 22 172 11 359 0 893 122 336 692 300 72 0 0 940 751 953 0 0 916 167 929 808 932 521 790 431 263 219 90 821 243 0 36 561 633 585 676 411 113 709 721 722 659 0 0 243 96 0 775 95 0 215 2 198 547 28 0 656 0 0 189 44 237 414 0 231 670 706 284 61 276 0 632 332 755 339 61 653 255 324 833 210 105 480 0 203 0 474 831 0 734 652 764 570 0 0 117 735 425 232 0 173 138 49 0 435 811 821 591 0 649 48 540 808 897 290 565 750 0 688 625 263 0 0 408 298 0 168 0 0 499 0 0 399 0 578 120 0 218 732 82 
202 227 428 0 411 639 498 0 0 0 230 508 918 757 0 779 391 640 400 616 357 257 420 283 708 444 812 0 52 0 615 595 224 360 743 581 741 0 543 328 363 277 258 838 409 821 998 0 591 0 316 356 453 103 123 340 133 0 774 0 100 187 0 962 0 148 557 0 646 309 869 670 205 312 47 63 134 36 230 435 429 545 582 0 477 275 642 530 101 984 0 4 0 0 505 655 0 882 0 0 63 961 0 892 343 437 173 0 0 0 0 0 292 244 590 668 163 0 863 0 399 39 485 684 0 0 755 676 657 222 115 55 0 873 399 597 706 0 623 824 0 841 0 909 219 0 0 
930 182 792 391 863 492 966 303 906 790 184 0 651 0 0 857 0 819 719 334 0 982 368 450 18 0 0 124 981 241 428 30 0 696 0 578 0 817 753 895 936 310 754 38 277 875 990 307 292 0 496 837 0 210 512 324 795 492 416 520 6 239 73 0 561 838 949 672 555 280 661 299 0 661 628 738 0 81 0 262 848 101 855 567 350 0 0 200 454 808 567 179 553 826 56 684 614 0 489 814 465 351 579 329 362 0 138 0 0 971 823 0 40 903 0 705 235 807 0 0 922 160 612 841 478 0 90 0 374 204 110 184 32 362 178 0 812 198 458 837 626 443 708 0 287 58 0 
0 241 371 820 769 724 170 598 901 485 472 0 276 911 773 167 0 859 861 74 881 0 0 853 175 665 194 0 510 0 152 0 973 986 20 788 737 477 0 479 145 938 0 937 213 609 0 757 968 106 296 378 770 0 793 0 0 73 391 673 949 366 227 859 106 297 798 0 865 419 394 399 0 0 376 250 0 0 212 429 263 236 853 0 51 98 611 514 415 808 473 516 747 836 0 34 0 0 266 182 159 860 0 308 312 948 49 0 971 0 0 0 69 135 0 203 533 989 0 50 925 113 789 574 704 420 334 375 0 278 442 0 882 354 0 0 825 21 613 462 802 53 173 233 147 901 4 
620 393 0 671 666 486 0 136 39 0 502 733 0 0 523 860 959 954 100 520 120 507 243 0 809 886 744 616 857 75 409 429 681 0 950 726 615 766 717 391 223 424 169 135 514 0 209 0 774 820 67 981 554 0 509 386 428 0 471 631 712 435 322 735 0 892 216 527 964 97 338 695 0 576 0 376 479 0 417 753 984 269 818 652 392 779 182 603 917 353 0 701 9 378 715 0 440 0 0 0 794 438 970 774 0 496 0 0 823 0 0 333 759 179 911 320 156 59 385 0 717 265 978 346 365 565 0 660 248 670 399 0 291 43 544 134 441 150 476 0 620 218 534 502 966 0 486 
0 469 691 472 460 376 987 0 930 420 0 440 0 0 0 993 862 395 504 72 79 0 0 0 826 151 0 184 195 215 772 520 610 0 679 90 550 758 837 180 0 584 0 495 87 85 0 858 595 998 0 0 566 55 904 184 0 955 855 862 306 975 0 576 566 517 602 86 646 0 0 20 275 751 493 0 347 861 372 580 440 683 550 115 582 0 198 0 0 0 899 0 0 270 0 178 588 376 233 0 280 856 0 0 0 557 435 0 0 0 333 0 441 821 565 212 598 0 0 663 86 394 23 18 895 566 940 998 0 409 813 0 0 0 690 455 830 0 753 857 0 834 0 409 0 983 986 
402 0 321 221 930 37 667 478 467 337 65 518 943 52 336 189 0 0 36 866 705 13 0 932 84 158 767 171 874 664 0 0 696 505 535 0 709 594 0 372 0 155 0 0 674 0 126 0 422 0 0 0 817 698 634 627 451 738 56 465 179 432 218 725 0 0 592 269 146 0 3 0 595 0 534 924 279 555 469 811 289 957 250 326 0 297 63 919 0 714 0 705 402 721 818 222 0 790 55 345 0 0 694 0 325 0 811 292 40 69 759 441 0 718 896 676 938 550 725 0 533 0 420 859 219 0 996 204 0 313 805 0 161 0 856 8 0 474 295 0 710 0 63 562 644 4 679 
106 0 808 0 537 0 606 749 207 770 4 0 786 713 510 0 771 55 0 425 546 396 237 114 864 514 630 770 0 0 329 587 526 998 313 699 478 991 66 160 339 41 46 101 362 0 71 104 0 0 287 192 0 713 867 218 276 222 924 469 0 514 0 452 818 0 340 780 95 841 66 0 0 211 17 844 0 100 682 788 416 602 100 601 999 655 848 910 319 0 748 0 406 0 571 853 490 538 0 164 297 180 660 67 938 0 821 244 903 135 179 821 718 0 0 0 611 0 0 694 597 898 578 0 0 102 779 540 464 886 0 83 133 860 325 531 234 201 801 737 268 309 396 0 0 340 468 
0 321 825 0 456 247 946 0 724 904 135 0 434 55 504 761 373 849 527 23 228 680 670 632 951 427 260 0 382 0 510 336 0 873 0 0 789 946 808 455 0 0 0 0 103 767 31 0 245 635 469 798 124 270 0 0 136 0 188 941 671 274 255 874 0 0 0 454 0 308 0 774 292 0 815 0 541 654 604 712 848 724 34 243 789 388 269 586 0 455 74 294 940 616 0 637 617 902 0 713 187 388 0 491 689 411 591 590 0 0 911 565 896 0 0 686 0 443 528 966 0 60 615 933 0 400 666 314 163 612 0 2 999 247 284 190 325 612 0 616 510 272 367 116 624 909 935 
0 838 0 0 803 965 691 216 947 29 933 707 0 0 987 198 10 0 0 285 898 907 787 597 855 273 0 0 682 663 0 157 275 990 199 0 633 806 522 287 710 11 168 722 720 0 670 231 647 335 454 522 870 0 0 311 546 845 369 599 0 814 845 237 448 0 885 802 0 595 0 613 621 952 218 433 0 0 524 0 0 962 387 432 617 426 324 52 179 497 476 0 329 616 539 543 632 465 689 282 0 967 0 996 247 324 0 668 705 203 320 212 676 0 686 0 677 255 522 0 0 267 0 759 161 341 368 0 907 43 0 307 401 731 723 370 850 651 46 423 0 487 534 240 0 0 369 
535 301 0 0 8 87 729 274 380 881 787 0 570 44 0 499 0 542 0 695 375 105 847 514 237 787 934 0 0 0 0 366 0 676 771 0 416 589 92 957 42 44 79 299 303 0 108 345 233 745 170 0 0 121 0 0 847 4 194 781 0 664 651 117 83 967 292 926 0 552 10 243 0 0 0 940 462 172 224 71 160 250 537 456 955 930 636 529 0 749 215 128 649 509 0 616 0 750 756 901 23 0 907 0 73 650 649 163 235 533 156 598 938 611 0 677 0 770 639 875 778 79 0 899 763 0 279 21 785 357 0 753 501 0 928 0 0 0 5 768 534 938 968 0 353 0 387 
746 839 380 399 661 0 0 196 115 0 895 806 886 0 710 693 743 249 48 218 0 729 218 0 144 210 936 962 763 396 574 598 613 526 0 802 0 263 775 469 0 367 692 890 394 372 616 638 609 682 0 826 662 349 684 524 740 571 958 614 283 0 581 336 170 0 75 207 573 0 299 0 580 494 926 0 0 554 689 0 429 362 341 960 924 288 0 400 388 457 836 334 414 697 668 810 503 385 912 433 491 234 651 549 710 238 48 0 807 989 59 0 550 0 443 255 770 0 0 0 966 0 0 0 726 0 396 297 375 647 110 647 0 164 0 0 0 184 689 469 0 642 801 758 0 713 502 
764 28 0 0 0 864 304 665 766 39 442 0 0 0 941 987 861 0 695 0 0 473 250 0 687 135 0 0 324 458 0 93 0 160 0 0 971 270 496 435 0 234 375 545 516 0 921 519 195 631 491 0 104 632 0 0 601 147 916 628 357 865 52 0 243 627 10 0 951 521 0 808 47 952 854 284 0 384 0 0 724 184 24 0 0 558 488 0 70 829 450 31 0 0 345 0 815 960 0 36 880 193 0 265 441 934 540 863 0 0 385 0 725 0 528 522 639 0 0 552 8 635 157 249 0 0 428 0 0 991 555 568 683 0 0 683 529 786 455 115 142 78 488 233 12 42 0 
339 86 457 706 0 741 447 814 345 856 800 795 28 221 0 618 37 191 0 0 0 793 0 0 821 880 406 582 613 693 917 686 834 275 337 0 352 0 867 535 0 0 90 237 335 468 614 397 831 0 574 882 247 903 958 392 235 773 0 193 191 98 452 658 0 679 590 715 342 154 214 559 429 412 0 562 878 210 372 0 85 676 413 410 0 32 48 415 627 581 375 613 184 0 0 378 231 532 0 626 673 0 989 453 8 71 808 0 0 50 0 663 0 694 966 0 875 0 552 0 872 422 514 215 961 419 104 480 70 591 779 997 316 318 562 923 224 204 966 559 28 768 45 0 726 253 561 
0 707 331 361 130 84 0 833 900 136 268 0 668 702 0 596 725 616 0 133 889 374 977 837 0 932 0 933 0 0 753 324 0 209 765 714 75 124 319 395 563 474 640 0 729 657 351 95 270 764 694 707 416 479 51 0 0 708 0 141 533 396 181 722 544 0 239 0 622 858 569 0 699 0 212 0 0 963 903 240 0 60 445 0 373 129 529 822 169 186 917 0 957 0 0 183 25 367 785 89 214 669 234 867 17 474 897 399 922 925 717 86 533 597 0 0 778 966 8 872 0 810 377 633 0 0 997 155 859 343 0 440 81 77 767 395 0 600 932 308 592 0 429 167 408 715 694 
0 610 0 0 170 0 215 967 0 982 70 0 0 571 555 373 0 0 841 0 325 58 56 922 0 999 295 117 55 378 592 0 0 372 805 0 79 355 0 115 0 0 131 731 551 665 264 108 290 669 309 137 478 99 170 843 103 774 0 0 729 0 888 0 904 0 0 0 700 0 0 402 137 28 318 245 467 919 0 215 359 934 897 353 536 726 20 768 782 589 0 521 361 215 0 617 504 949 0 637 279 227 104 838 90 402 290 39 160 113 265 394 0 898 60 267 79 0 635 422 810 0 629 679 758 422 910 974 18 512 288 949 0 58 0 620 950 829 0 634 149 0 711 0 694 487 0 
841 0 750 774 572 673 0 296 404 0 123 573 771 830 879 0 545 548 0 0 345 229 552 792 211 63 655 745 704 0 0 421 617 5 0 23 161 0 541 673 0 186 85 208 708 0 752 337 354 590 395 0 834 401 548 0 0 0 450 352 612 586 755 676 871 0 0 814 130 278 195 669 342 598 213 420 357 652 0 0 656 111 904 286 691 908 337 0 0 0 618 123 806 353 368 0 0 256 518 327 418 0 948 148 0 0 565 485 612 789 978 23 420 578 615 0 0 0 157 514 377 629 0 435 250 57 0 170 482 0 368 648 1 521 83 249 431 55 0 245 618 0 0 406 88 294 404 
0 341 887 444 634 0 0 127 0 978 121 0 0 0 406 18 786 672 941 365 914 234 331 0 736 0 89 178 509 293 509 39 198 0 0 46 0 870 995 866 481 602 533 385 819 739 595 364 0 0 20 7 206 0 416 0 402 0 912 222 152 701 625 725 0 479 622 597 389 861 494 243 266 200 679 162 28 883 451 521 876 0 384 125 375 908 852 760 0 0 476 0 0 0 0 309 761 0 186 878 820 91 0 152 398 146 750 684 841 574 346 18 859 0 933 759 899 0 249 215 633 679 435 0 0 185 300 736 0 32 0 965 687 0 785 785 674 0 0 0 294 119 615 344 0 0 0 
561 391 158 653 290 673 574 817 0 286 0 945 396 554 27 890 853 0 0 691 76 0 736 146 404 0 600 898 53 759 505 254 937 84 134 989 0 261 0 325 688 693 489 237 0 765 464 702 437 358 477 318 963 44 667 440 0 572 607 84 210 560 379 911 46 658 0 74 0 51 0 809 829 431 718 798 0 4 303 953 698 286 960 433 415 0 638 724 0 249 643 0 0 12 883 121 402 957 79 495 240 0 980 0 786 530 0 0 478 704 365 895 219 0 0 161 763 726 0 961 0 758 250 0 0 107 114 956 157 0 572 0 722 533 693 510 991 620 892 692 0 197 310 596 687 660 0 
183 818 751 775 54 578 0 128 0 709 735 298 918 724 0 578 460 214 878 104 16 870 43 0 661 234 0 567 283 181 0 907 0 0 250 476 481 0 637 0 0 0 0 0 0 911 750 0 327 675 99 545 156 447 382 0 0 176 0 0 231 0 518 0 56 17 692 831 504 156 166 376 307 68 670 103 335 178 516 731 0 0 259 858 0 640 803 329 217 0 791 0 557 0 545 263 0 336 117 0 0 0 453 127 824 0 688 0 0 420 565 566 0 102 400 341 0 0 0 419 0 422 57 185 107 0 427 578 207 290 36 372 599 0 3 106 0 655 0 0 627 0 607 747 0 27 348 
133 437 411 0 360 873 461 583 994 899 385 673 594 655 709 0 853 869 691 989 734 738 218 796 449 0 185 955 0 788 80 66 0 0 612 0 0 877 144 295 50 109 902 523 605 647 0 0 260 277 376 771 0 216 510 210 314 589 750 0 0 273 328 253 89 293 242 839 698 0 423 238 0 281 0 970 377 825 340 845 317 330 928 663 611 0 456 551 314 992 234 0 705 167 687 150 285 13 632 73 371 15 668 132 826 781 625 755 90 334 0 940 996 779 666 368 279 396 428 104 997 910 0 300 114 427 0 588 742 751 569 965 610 92 303 804 302 764 0 522 615 0 795 868 0 693 38 
76 0 323 72 756 0 199 689 729 0 776 447 959 0 370 844 0 682 0 401 456 0 332 662 929 193 65 907 549 243 0 0 315 633 0 0 336 314 0 959 0 931 145 234 788 0 972 572 703 654 840 455 163 572 554 40 0 0 714 639 0 0 483 161 454 176 0 412 258 145 0 0 570 0 952 650 965 262 696 384 126 782 11 935 164 683 0 0 894 328 100 133 0 0 958 0 0 514 440 0 747 0 925 593 896 692 263 676 0 375 660 998 204 540 314 0 21 297 0 480 155 974 170 736 956 578 588 0 476 539 213 720 680 865 0 0 109 763 424 0 723 776 0 817 464 962 0 
33 889 306 186 744 585 976 59 489 114 0 592 62 0 956 0 0 33 0 526 0 424 736 707 747 256 14 563 767 386 0 878 33 998 613 971 0 383 70 0 898 0 187 0 654 804 826 387 915 70 812 0 0 838 857 15 673 114 122 777 452 848 235 759 959 966 817 907 0 87 0 0 0 202 595 985 0 101 0 468 791 21 597 132 454 210 835 79 0 0 0 867 325 743 821 964 473 701 0 15 145 470 0 610 992 760 0 657 374 0 248 0 0 464 163 907 785 375 0 70 859 18 482 0 157 207 742 476 0 292 517 476 803 872 346 481 0 430 31 384 515 479 0 891 539 285 839 
725 243 353 508 35 138 0 0 0 843 205 463 135 0 711 180 500 0 906 299 616 428 705 398 467 784 982 307 469 0 124 623 688 987 0 510 169 437 0 258 50 441 625 199 244 77 567 234 659 403 0 482 763 649 277 114 0 372 0 128 930 444 0 0 78 449 535 632 977 728 0 0 0 424 145 929 0 89 462 0 0 351 966 980 153 757 0 59 0 80 245 923 216 0 318 149 0 382 0 16 43 0 0 599 115 0 0 222 204 278 670 409 313 886 612 43 357 647 991 591 343 512 0 32 0 290 751 539 292 0 171 449 831 762 0 0 531 0 985 0 0 320 476 194 91 755 205 
320 765 838 724 606 666 204 525 672 517 558 616 41 83 175 12 727 199 636 975 894 84 131 187 12 465 864 364 589 562 724 0 831 782 0 911 270 799 669 936 607 215 724 117 0 0 113 880 236 409 606 0 358 977 0 0 387 302 480 606 210 225 631 525 0 352 33 579 254 761 537 960 502 150 337 0 820 0 0 0 50 892 787 0 70 314 300 0 406 0 276 65 520 549 0 889 33 163 780 323 0 960 59 469 697 0 408 115 110 442 399 813 805 0 0 0 0 110 555 779 0 288 368 0 572 36 569 213 517 171 0 401 0 768 0 382 163 560 0 0 369 0 0 12 602 0 989 
0 906 616 326 0 904 0 0 0 357 879 548 0 783 583 820 380 536 661 738 0 632 27 100 51 749 976 815 213 364 992 147 431 832 154 773 799 799 412 0 801 941 203 121 0 916 605 68 0 712 549 991 676 322 31 373 666 0 275 0 818 314 257 546 501 133 172 321 10 750 0 0 480 490 534 0 0 756 648 775 0 0 0 414 516 627 720 214 970 7 442 911 212 0 0 584 0 0 682 542 19 0 988 689 0 581 298 55 184 0 0 0 0 83 2 307 753 647 568 997 440 949 648 965 0 372 965 720 476 449 401 0 0 475 605 819 0 781 655 866 262 694 0 133 339 873 144 
764 777 68 522 308 0 286 795 885 178 0 0 506 271 925 242 854 0 59 0 984 49 0 0 994 0 536 316 343 577 17 111 0 592 370 687 515 0 0 0 0 588 252 306 530 0 300 0 911 888 633 0 223 436 347 711 514 882 16 25 165 261 294 0 0 0 198 884 0 763 770 0 629 0 0 0 0 740 519 626 0 659 35 862 610 92 284 329 694 0 0 450 542 515 232 0 632 408 0 0 0 423 0 538 824 963 0 0 32 882 291 0 161 133 999 401 501 0 683 316 81 0 1 687 722 599 610 680 803 831 0 0 0 0 0 490 384 898 510 572 651 0 293 0 802 964 0 
0 348 701 941 0 0 833 714 0 977 126 822 0 810 0 251 0 724 634 37 0 512 416 251 688 54 706 612 688 587 171 28 417 672 478 0 391 0 627 0 0 821 689 668 462 987 163 0 17 534 899 0 353 425 0 0 648 0 0 54 421 0 283 340 0 0 0 698 563 0 111 0 0 695 716 690 614 173 807 0 109 712 79 936 327 0 834 0 656 0 0 0 728 74 406 205 0 124 648 619 993 808 272 681 995 0 168 873 362 354 43 0 0 860 247 731 0 164 0 318 77 58 521 0 533 0 92 865 872 762 768 475 0 0 918 748 552 0 208 530 230 742 303 0 0 0 603 
805 878 250 519 820 702 706 682 0 367 563 67 760 521 0 196 739 908 380 0 28 842 908 534 885 723 290 0 978 557 117 213 0 0 691 250 79 0 34 59 0 974 870 989 635 0 507 833 167 0 232 707 0 0 396 408 153 293 937 0 0 337 0 23 0 531 640 66 476 614 396 828 633 688 798 306 0 104 394 0 0 0 637 937 0 895 0 980 0 298 169 57 770 191 0 0 456 834 744 0 557 0 789 550 25 632 0 399 178 0 544 690 856 325 284 723 928 0 0 562 767 0 83 785 693 3 303 0 346 0 0 605 0 918 0 80 457 0 582 468 590 408 0 176 0 776 670 
873 431 0 382 281 0 0 180 948 651 432 532 654 849 0 0 483 563 0 345 350 983 874 853 248 0 177 0 333 0 0 268 0 0 743 950 618 315 909 562 184 0 0 128 933 447 395 607 0 0 213 0 386 458 94 495 0 257 868 0 343 591 53 529 936 279 240 279 0 0 822 982 0 248 102 814 755 873 893 0 0 856 986 505 0 608 870 311 813 742 188 228 218 587 937 543 945 713 453 190 0 916 0 699 409 0 0 597 0 0 134 455 8 531 190 370 0 0 683 923 395 620 249 785 510 106 804 0 481 0 382 819 490 748 80 0 614 307 400 587 975 130 79 444 643 248 70 
620 148 0 896 240 861 637 293 881 878 500 39 229 70 0 841 80 555 364 0 435 888 242 705 588 371 0 892 888 0 276 0 555 366 0 241 290 696 81 459 169 538 848 0 837 0 576 0 327 72 0 0 0 791 473 0 0 143 796 321 0 395 895 435 799 649 457 0 556 636 136 629 230 0 920 726 362 655 0 683 705 705 316 704 369 295 91 438 0 34 915 0 0 769 676 714 419 298 169 193 0 705 928 67 0 0 499 706 812 825 441 830 0 234 325 850 0 0 529 224 0 950 431 674 991 0 302 109 0 531 163 0 384 552 457 614 0 427 0 486 852 457 305 0 988 452 0 
383 634 778 540 560 128 395 351 574 630 0 691 558 165 181 933 645 819 0 142 810 0 866 58 740 0 59 235 527 362 603 564 891 391 712 0 687 94 390 706 0 0 100 823 239 314 801 0 86 400 534 547 0 0 826 0 850 480 215 140 239 458 0 502 634 404 114 695 0 440 40 987 131 0 48 688 0 0 500 887 770 223 166 898 903 0 0 581 123 737 671 168 0 546 0 715 251 464 80 423 942 265 0 0 17 846 0 0 198 21 150 0 474 201 612 651 0 184 786 204 600 829 55 0 620 655 764 763 430 0 560 781 898 0 0 307 427 0 273 352 341 389 884 0 179 671 649 
622 0 0 817 806 891 219 9 180 621 0 67 585 467 238 890 600 0 857 0 572 888 287 377 573 0 824 726 861 406 144 749 802 39 766 28 24 806 915 0 905 965 641 0 326 0 177 0 879 0 685 18 816 206 831 815 375 404 342 697 973 14 239 877 354 856 0 0 828 620 792 0 70 0 842 300 0 362 0 910 173 789 0 895 0 387 392 257 426 597 0 145 195 488 541 246 0 405 644 0 312 799 957 835 260 511 0 623 458 613 476 753 295 801 0 46 5 689 455 966 932 0 0 0 892 0 0 424 31 985 0 655 510 208 582 400 0 273 0 335 9 6 158 221 968 0 0 
488 335 812 765 719 0 0 758 790 580 0 305 799 0 48 447 0 174 777 0 73 0 576 777 0 289 0 528 754 830 810 0 212 41 346 806 714 0 213 860 203 921 554 463 482 0 0 377 416 0 177 476 910 957 755 718 495 0 0 239 153 371 591 532 782 285 413 294 522 0 862 651 692 0 349 169 0 0 0 0 161 0 302 598 0 0 0 980 929 396 63 804 256 0 513 0 246 29 552 369 558 0 224 720 0 198 399 824 837 462 0 857 0 737 616 423 768 469 115 559 308 634 245 0 692 0 522 0 384 0 0 866 572 530 468 587 486 352 335 0 624 491 89 762 0 0 0 
273 121 374 403 313 282 498 690 375 506 0 844 215 0 68 962 1 0 0 580 413 798 886 0 0 0 0 805 244 941 948 834 0 232 399 0 0 984 0 639 506 497 582 895 103 148 148 0 904 507 326 675 190 80 794 32 561 991 976 375 561 894 782 302 719 126 647 234 520 521 487 426 625 664 877 93 713 0 705 173 519 970 948 164 0 227 253 499 979 0 518 716 0 661 345 0 914 0 746 0 438 394 215 963 0 668 0 0 626 802 620 0 710 268 510 0 534 0 142 28 592 149 618 294 0 627 615 723 515 0 369 262 651 230 590 975 852 341 9 624 0 0 406 0 695 589 29 
478 903 602 685 245 442 0 0 554 570 759 0 392 406 0 23 868 98 0 608 906 834 0 12 361 999 863 0 322 527 877 0 378 402 392 716 210 0 149 156 319 466 133 563 968 120 74 767 71 298 0 874 751 863 583 943 0 267 0 280 68 0 0 444 0 10 834 117 513 455 851 452 724 465 218 616 590 304 205 630 0 10 644 0 850 0 0 0 235 6 192 0 0 485 820 800 880 117 499 219 687 0 0 338 29 335 578 841 443 53 218 834 0 309 272 487 938 642 78 768 0 0 0 119 197 0 0 776 479 320 0 694 0 742 408 130 457 389 6 491 0 0 0 210 419 0 731 
0 735 0 723 473 0 210 854 0 996 899 132 93 0 682 0 0 0 494 537 876 138 987 187 344 0 412 854 661 109 579 0 458 78 417 894 581 202 345 0 0 91 904 718 730 559 507 681 950 182 976 593 96 0 355 0 810 882 992 0 0 871 0 0 874 153 0 548 518 205 557 996 0 631 66 438 323 843 887 279 196 796 453 363 101 755 0 398 331 165 383 413 761 0 190 895 752 0 0 900 0 309 394 881 0 0 120 0 708 173 534 0 63 396 367 534 968 801 488 45 429 711 0 615 310 607 795 0 0 476 0 0 293 303 0 79 305 884 158 89 406 0 0 563 0 488 747 
49 764 895 0 675 764 67 0 581 893 692 612 0 0 0 0 926 214 0 258 0 521 0 873 608 888 0 719 997 0 173 348 0 410 726 184 0 493 322 299 0 0 369 492 206 475 84 723 855 0 703 98 493 0 165 711 0 0 0 0 0 575 437 274 314 65 172 0 961 708 0 95 480 207 733 248 765 981 645 0 901 469 816 929 514 504 306 18 0 0 0 0 0 455 874 43 148 364 660 246 295 150 0 0 577 376 0 909 0 233 502 409 562 0 116 240 0 758 233 0 167 0 406 344 596 747 868 817 891 194 12 133 0 0 176 444 0 0 221 762 0 210 563 0 144 868 426 
623 592 611 0 61 26 582 233 0 0 371 287 833 149 0 709 0 0 34 760 758 958 0 0 317 0 227 0 673 544 210 429 103 160 146 880 764 949 0 0 0 133 625 195 937 466 301 701 0 275 0 930 148 998 442 819 45 104 364 594 114 993 148 0 19 465 430 205 0 646 358 483 785 540 580 369 641 153 96 806 0 446 0 483 0 593 940 0 0 871 141 827 762 412 26 797 35 658 126 73 250 492 744 376 0 637 218 219 287 147 966 0 644 0 624 0 353 0 12 726 408 694 88 0 687 0 0 464 539 91 602 339 802 0 0 643 988 179 968 0 695 419 0 144 0 266 192 
796 0 389 878 0 978 0 27 288 0 57 345 494 8 0 0 418 0 980 174 705 333 969 0 121 158 0 175 623 383 543 0 475 931 25 181 742 294 934 563 119 893 669 859 0 0 510 284 0 0 807 370 900 285 0 627 39 705 797 0 917 837 313 781 289 0 218 0 242 772 365 0 318 604 651 640 0 0 800 645 0 0 666 858 596 0 859 0 264 515 266 0 28 707 324 366 285 662 327 682 945 0 0 352 477 590 732 0 58 901 0 983 4 340 909 0 0 713 42 253 715 487 294 0 660 27 693 962 285 755 0 873 964 0 776 248 452 671 0 0 589 0 488 868 266 0 663 
29 188 349 820 281 534 0 230 0 987 0 192 451 477 964 768 58 425 387 0 641 41 8 857 234 139 702 0 374 266 848 102 145 697 0 0 690 225 620 554 554 601 995 672 0 615 126 839 0 0 258 286 161 0 359 211 186 0 206 328 14 907 0 734 0 0 895 0 765 370 7 354 248 242 436 131 804 509 993 876 0 490 276 246 0 322 0 88 916 679 134 471 823 853 580 154 337 710 368 419 580 524 0 0 0 993 82 0 0 4 486 986 679 468 935 369 387 502 0 561 694 0 404 0 0 348 38 0 839 205 989 144 0 603 670 70 0 649 0 0 29 731 747 426 192 663 0 
