0 58 532 0 11 62 413 0 0 0 0 946 473 525 0 107 991 725 930 609 198 287 885 400 581 767 598 364 290 690 0 0 765 996 711 0 999 220 926 88 895 0 0 44 940 0 564 0 373 787 446 57 790 367 448 0 733 0 30 0 950 396 962 950 77 43 420 0 0 821 783 40 846 928 446 752 676 0 253 621 927 0 0 534 740 518 761 874 505 470 373 683 165 893 427 913 556 452 0 679 648 0 0 238 299 151 687 710 214 793 452 675 167 549 385 450 0 928 204 20 408 682 211 59 613 219 0 434 546 619 83 0 335 
58 0 170 0 96 629 914 468 949 246 832 437 969 42 652 726 221 0 907 901 0 2 0 189 601 461 0 772 0 970 104 23 784 0 179 0 901 70 0 995 380 8 946 969 729 712 0 293 460 167 0 547 85 940 155 0 288 0 642 491 322 947 568 135 414 30 252 0 513 267 120 575 391 257 0 253 185 488 222 0 0 36 379 36 263 90 53 0 0 792 510 475 818 144 593 93 913 840 254 775 656 0 832 0 25 854 765 40 257 0 63 896 0 979 744 0 217 0 716 0 440 523 962 837 911 159 867 792 0 90 736 470 482 
532 170 0 0 999 0 424 170 466 773 0 983 554 586 47 0 581 361 955 687 764 755 800 644 575 0 0 192 103 356 161 490 244 283 749 428 221 564 0 122 47 877 64 133 983 764 942 0 733 271 0 717 0 0 958 223 332 602 716 121 0 545 402 150 539 686 57 26 772 436 0 891 0 717 351 302 123 188 0 926 776 540 0 76 437 146 0 0 0 547 374 781 286 417 286 235 526 0 249 909 0 639 649 0 426 274 342 608 530 932 808 0 987 864 0 757 974 508 478 0 0 362 0 601 766 0 795 0 336 695 208 884 663 
0 0 0 0 966 386 67 241 0 815 602 224 83 778 300 450 168 330 768 881 765 446 726 405 57 329 968 0 173 310 740 751 289 0 221 149 695 925 254 300 813 282 0 0 728 881 613 575 327 0 51 917 21 849 0 0 908 730 280 413 0 436 683 0 932 272 0 0 116 468 0 876 861 68 550 551 775 322 871 582 803 92 433 426 509 868 922 0 369 778 762 0 964 549 582 286 624 0 0 554 0 909 925 965 866 141 986 0 0 0 76 316 465 1 912 125 654 828 0 0 0 0 0 337 404 490 888 224 0 0 704 223 32 
11 96 999 966 0 80 987 778 811 457 74 826 0 643 927 98 207 565 928 0 486 0 0 100 26 112 164 61 777 843 938 0 0 781 0 996 629 208 80 0 939 274 633 0 0 0 0 184 286 196 0 770 949 79 201 702 603 137 0 0 409 0 0 835 846 464 704 374 608 987 462 640 0 182 316 444 792 54 0 0 0 644 785 486 534 312 549 431 843 271 77 920 145 126 698 425 268 0 334 846 877 702 636 938 72 530 673 0 52 0 0 350 689 597 0 527 636 0 45 0 853 730 408 516 0 79 0 172 53 0 0 0 153 
62 629 0 386 80 0 0 610 847 77 860 42 415 0 49 989 296 164 360 765 123 173 425 0 0 323 464 0 420 661 410 0 916 518 770 17 597 0 0 127 0 416 116 78 354 0 427 0 0 98 940 773 947 0 63 347 431 298 367 910 117 0 20 854 330 527 3 297 7 661 888 405 275 933 731 390 199 711 871 673 21 4 510 983 486 685 310 148 0 0 0 254 993 895 133 280 622 0 0 595 753 176 586 190 638 384 307 259 616 0 0 0 908 555 0 552 0 615 106 842 0 25 639 992 682 0 191 918 764 628 52 978 0 
413 914 424 67 987 0 0 0 63 0 649 764 392 266 656 273 857 0 640 0 0 871 805 0 563 809 703 539 953 220 68 0 116 101 480 280 226 762 846 859 890 0 890 607 0 780 0 609 823 0 967 685 276 0 955 430 0 591 736 0 0 391 768 663 669 934 998 396 0 750 0 0 819 818 0 306 791 596 239 610 873 709 12 0 0 0 0 38 0 776 61 490 344 505 781 426 394 129 748 312 0 489 0 220 785 421 355 897 434 0 803 888 8 629 207 435 42 0 520 623 248 119 340 174 513 423 337 495 672 664 928 783 352 
0 468 170 241 778 610 0 0 183 549 0 890 0 167 0 0 177 808 0 118 0 369 328 348 0 787 185 750 0 386 0 54 0 0 590 0 895 269 0 771 0 993 335 248 0 801 352 720 0 144 0 905 190 713 414 854 601 10 202 0 555 578 166 0 677 142 721 734 648 693 731 536 561 836 596 929 131 225 111 0 4 124 201 249 0 353 0 811 742 940 412 101 0 152 0 0 737 311 0 751 336 542 228 270 802 875 933 0 383 651 970 502 0 563 427 843 0 795 201 855 68 0 318 967 51 0 0 623 124 613 167 918 0 
0 949 466 0 811 847 63 183 0 0 0 0 0 395 523 0 971 0 611 64 675 999 386 813 930 822 0 0 46 638 437 45 841 151 180 47 645 377 447 88 0 921 645 39 681 575 0 323 0 223 17 0 880 0 0 343 939 770 0 776 681 0 71 0 79 0 0 301 0 493 971 181 403 186 131 0 0 211 999 0 862 841 627 0 0 0 0 0 0 712 376 788 36 0 79 805 466 288 863 262 150 54 0 753 0 118 621 150 0 82 0 0 0 750 951 50 0 0 635 192 0 220 351 160 394 544 0 286 758 0 522 51 409 
0 246 773 815 457 77 0 549 0 0 356 514 0 864 0 816 946 0 767 951 774 840 683 0 0 304 0 301 276 298 222 474 669 455 981 622 461 864 0 893 0 774 928 729 270 42 113 0 0 0 90 0 0 690 381 969 45 269 272 146 128 0 0 737 999 183 372 74 0 73 389 30 0 95 378 757 0 242 0 591 522 976 504 0 845 917 951 893 37 797 358 729 354 0 509 627 805 0 0 626 0 0 777 766 0 421 819 706 672 599 669 0 0 95 846 250 842 0 0 703 0 0 851 0 386 441 675 808 873 0 555 976 153 
0 832 0 602 74 860 649 0 0 356 0 303 394 0 537 392 508 891 210 0 35 279 428 594 676 72 563 79 139 0 595 304 917 0 135 0 728 387 0 363 0 465 414 52 0 9 0 166 143 305 140 804 200 972 0 175 923 0 421 0 755 0 0 900 0 995 196 776 0 0 657 0 70 0 405 328 5 686 782 0 324 235 163 797 265 766 0 643 0 53 527 612 0 645 808 989 770 0 867 208 0 789 82 700 0 0 726 950 662 600 172 334 288 759 327 476 0 0 593 476 260 619 0 43 356 0 208 724 981 385 797 0 691 
946 437 983 224 826 42 764 890 0 514 303 0 0 566 635 577 598 0 268 0 786 288 32 877 540 711 0 0 329 392 0 0 744 0 0 30 962 0 92 0 562 230 0 0 519 512 514 773 0 0 760 0 444 17 570 277 5 0 324 361 951 377 438 719 0 454 743 238 535 0 0 531 705 0 647 224 0 0 240 122 89 0 276 244 0 101 114 0 866 255 0 0 0 552 253 417 170 0 139 878 0 0 161 307 33 0 294 390 0 646 958 230 652 29 698 746 695 599 847 631 317 64 682 355 594 524 827 264 0 721 429 877 516 
473 969 554 83 0 415 392 0 0 0 394 0 0 125 503 495 544 596 233 931 0 489 0 0 270 0 913 0 603 842 236 933 802 799 745 138 927 463 253 0 396 673 151 475 721 0 0 526 291 653 136 0 607 118 285 218 504 405 710 628 0 53 662 260 678 101 403 23 279 828 184 0 817 1 0 817 81 228 0 134 208 473 0 238 253 0 396 0 81 147 0 969 855 607 823 215 0 0 378 390 314 0 230 612 0 0 0 10 327 642 701 131 0 0 0 956 0 511 341 7 829 439 0 291 2 842 0 366 951 696 258 39 0 
525 42 586 778 643 0 266 167 395 864 0 566 125 0 0 570 520 979 359 0 694 0 437 764 333 333 0 427 318 503 467 0 459 902 309 212 0 0 903 0 937 0 720 118 0 266 433 15 0 0 416 761 0 0 850 329 858 659 229 0 240 214 993 608 395 129 191 97 253 870 296 880 963 409 903 810 0 818 489 902 126 382 0 717 265 0 54 0 771 864 0 556 263 492 0 553 233 245 413 254 127 767 0 0 604 0 916 847 153 597 361 0 0 814 0 961 343 438 348 0 72 385 0 985 854 600 458 615 355 594 0 180 723 
0 652 47 300 927 49 656 0 523 0 537 635 503 0 0 493 0 0 808 0 0 389 222 544 954 39 563 104 690 370 0 885 655 402 236 327 822 10 897 236 650 804 0 261 915 513 574 818 973 0 72 0 463 243 135 0 524 0 339 871 270 68 387 443 0 821 253 493 216 0 124 496 0 517 688 977 583 290 712 0 830 537 0 604 99 875 62 0 449 0 967 0 675 295 562 708 645 577 661 0 0 310 805 582 0 0 0 0 815 243 0 775 641 0 747 573 0 815 743 175 59 934 0 526 553 959 317 910 516 174 0 618 0 
107 726 0 450 98 989 273 0 0 816 392 577 495 570 493 0 319 625 769 446 899 960 866 284 0 0 705 124 458 740 5 974 802 0 849 0 410 283 0 895 0 674 308 56 0 865 0 719 0 0 0 0 963 0 120 267 716 35 189 193 0 963 875 0 698 299 144 555 869 0 0 0 505 866 0 416 996 778 615 191 279 0 258 0 870 928 404 375 0 332 84 0 298 0 297 625 729 815 0 394 209 121 998 672 801 371 169 889 43 631 0 0 62 1 232 0 848 0 0 331 156 804 184 0 895 351 657 132 639 0 549 457 985 
991 221 581 168 207 296 857 177 971 946 508 598 544 520 0 319 0 29 183 430 0 482 960 778 951 0 0 0 979 195 23 386 855 840 0 30 0 707 573 974 949 111 766 0 831 574 638 979 517 594 529 65 575 194 0 115 608 417 0 156 918 969 820 769 0 929 393 846 817 766 815 330 183 371 316 0 803 747 609 986 12 0 695 0 773 239 0 950 319 0 61 541 195 869 0 323 0 0 791 377 991 0 494 0 0 259 209 0 0 207 998 2 0 699 404 969 629 543 70 276 421 375 0 761 417 0 864 0 0 331 520 95 238 
725 0 361 330 565 164 0 808 0 0 891 0 596 979 0 625 29 0 0 327 0 0 737 747 0 605 0 0 657 795 0 644 0 905 443 234 625 958 547 472 220 0 215 144 727 519 143 197 328 806 993 415 873 319 577 735 82 545 388 20 517 957 621 694 20 140 225 718 858 30 995 0 0 0 521 112 935 752 522 184 606 267 346 674 86 0 0 632 0 652 232 456 272 670 448 812 0 936 987 0 637 127 0 436 729 845 563 442 0 368 61 830 0 67 946 981 0 118 0 825 268 0 700 720 604 422 748 0 0 405 638 463 0 
930 907 955 768 928 360 640 0 611 767 210 268 233 359 808 769 183 0 0 377 0 0 65 616 118 936 0 520 273 340 427 380 0 948 0 0 703 420 787 93 845 207 0 0 973 583 905 0 656 0 458 0 726 784 558 569 594 147 0 0 605 155 534 0 323 534 153 0 0 8 470 991 852 110 218 182 0 0 0 684 127 83 521 687 0 942 586 447 564 580 507 88 272 845 0 0 684 492 637 526 550 73 769 335 0 555 13 560 341 348 723 273 0 0 0 231 0 74 479 849 187 301 0 683 411 5 0 678 806 0 237 7 721 
609 901 687 881 0 765 0 118 64 951 0 0 931 0 0 446 430 327 377 0 989 0 887 0 785 0 463 166 654 857 395 0 28 527 0 0 931 0 464 0 975 966 0 8 974 311 791 656 632 0 307 109 686 0 935 616 496 100 999 426 645 452 946 0 621 679 725 0 744 227 523 165 0 625 0 234 0 786 847 158 0 0 863 0 0 246 0 684 0 0 0 296 0 0 160 350 872 423 651 732 175 0 100 168 0 836 482 0 30 145 38 255 331 502 0 242 0 360 0 826 275 0 0 327 975 145 0 349 980 758 574 0 0 
198 0 764 765 486 123 0 0 675 774 35 786 0 694 0 899 0 0 0 989 0 361 855 353 50 0 251 0 0 70 40 139 40 793 0 372 484 503 535 0 0 809 0 993 429 257 145 730 0 211 503 928 850 0 837 0 637 424 908 0 946 458 611 291 0 0 211 479 780 0 0 637 231 347 556 155 773 57 0 9 0 0 361 418 937 637 164 342 391 269 501 578 252 70 0 93 533 943 144 713 115 0 108 0 537 18 0 130 0 466 0 0 939 751 573 876 514 0 901 341 85 761 56 475 236 0 137 0 318 425 115 145 0 
287 2 755 446 0 173 871 369 999 840 279 288 489 0 389 960 482 0 0 0 361 0 0 0 384 266 0 252 0 815 548 435 0 0 412 787 0 0 963 463 126 21 595 0 793 686 413 0 0 905 157 0 0 931 895 493 0 516 471 0 869 0 270 747 0 436 661 485 657 811 373 269 118 132 121 964 270 0 0 380 0 648 32 116 982 0 541 0 0 0 352 6 929 0 538 0 0 293 0 898 0 557 203 217 0 0 0 831 740 411 287 530 0 809 286 744 941 0 735 982 41 732 0 997 358 0 633 719 0 757 757 539 115 
885 0 800 726 0 425 805 328 386 683 428 32 0 437 222 866 960 737 65 887 855 0 0 653 196 971 589 415 73 402 559 245 913 283 139 444 0 977 470 0 218 583 0 100 333 879 0 954 622 956 417 497 360 717 154 426 0 394 0 601 4 845 19 0 33 0 924 842 540 983 0 916 0 401 956 0 0 223 508 461 62 372 911 678 589 200 613 0 0 0 0 809 752 0 0 58 0 522 983 0 9 347 0 476 0 0 827 350 450 698 209 724 0 135 441 464 594 575 0 239 437 603 58 0 154 936 0 945 0 0 260 678 80 
400 189 644 405 100 0 0 348 813 0 594 877 0 764 544 284 778 747 616 0 353 0 653 0 240 143 0 50 0 664 700 0 0 963 910 392 217 963 0 980 0 636 0 313 778 856 342 744 0 239 677 0 410 87 808 0 19 362 203 0 174 451 725 928 318 0 583 760 114 132 891 800 586 545 163 478 588 596 0 489 780 0 906 417 82 93 0 908 101 0 0 351 0 0 250 992 756 81 171 84 347 876 336 861 402 819 328 34 0 132 288 168 0 13 476 52 725 0 781 697 278 1 643 793 358 0 289 325 851 18 663 613 818 
581 601 575 57 26 0 563 0 930 0 676 540 270 333 954 0 951 0 118 785 50 384 196 240 0 0 0 105 0 140 0 898 968 841 539 461 642 147 469 715 694 0 0 785 427 689 962 799 806 796 262 636 732 429 165 210 0 698 77 301 129 0 760 986 993 0 664 370 0 521 532 398 950 0 89 946 172 634 301 0 591 703 0 145 916 473 9 298 99 918 137 0 901 413 0 414 708 504 574 0 0 221 0 98 767 830 267 781 652 892 0 394 277 0 43 0 95 0 0 622 264 873 0 972 0 841 883 776 722 786 0 760 277 
767 461 0 329 112 323 809 787 822 304 72 711 0 333 39 0 0 605 936 0 0 266 971 143 0 0 0 375 934 59 727 140 3 649 317 0 146 623 55 153 125 0 514 547 565 0 583 349 180 98 0 463 616 503 459 220 2 196 466 733 0 0 432 914 651 484 713 825 629 995 0 861 189 606 0 0 22 0 896 554 815 0 903 568 615 901 0 198 0 0 0 21 826 487 730 348 62 334 9 936 838 233 909 283 728 758 0 827 500 546 251 0 945 423 0 385 239 372 743 600 0 575 858 0 73 363 963 692 18 0 107 0 908 
598 0 0 968 164 464 703 185 0 0 563 0 913 0 563 705 0 0 0 463 251 0 589 0 0 0 0 17 0 0 0 127 131 741 0 0 256 828 322 819 370 678 810 58 123 605 142 801 323 660 881 161 0 697 0 224 0 713 555 177 178 730 0 834 74 0 350 618 0 0 243 767 955 547 816 0 107 341 160 499 0 54 0 493 968 119 0 206 657 886 864 535 147 0 189 611 0 470 202 549 837 0 655 272 806 359 0 190 22 103 592 0 161 188 962 244 347 865 0 0 0 898 0 42 0 0 61 939 427 117 193 818 379 
364 772 192 0 61 0 539 750 0 301 79 0 0 427 104 124 0 0 520 166 0 252 415 50 105 375 17 0 220 184 821 0 602 0 340 0 91 0 0 204 976 198 319 923 0 688 0 839 815 297 742 689 723 0 0 0 0 728 140 121 409 55 898 922 0 251 255 369 754 0 133 332 0 660 535 291 448 904 112 563 0 271 488 367 0 530 662 945 787 98 583 46 5 465 0 698 39 237 18 632 417 0 509 0 0 285 728 0 0 0 883 426 573 96 113 844 379 0 467 999 247 0 725 33 369 459 780 999 0 0 723 511 317 
290 0 103 173 777 420 953 0 46 276 139 329 603 318 690 458 979 657 273 654 0 0 73 0 0 934 0 220 0 0 979 763 599 817 179 0 715 555 284 0 513 91 801 794 0 0 823 200 766 203 0 0 222 0 318 0 0 0 0 0 255 554 0 315 490 802 491 0 51 452 764 527 0 0 319 0 0 286 616 988 614 171 746 304 0 936 954 664 312 0 9 182 84 280 632 573 730 282 21 0 944 651 281 747 822 612 658 970 44 755 720 486 311 536 0 221 264 979 0 0 973 316 2 42 51 0 215 197 600 190 57 0 0 
690 970 356 310 843 661 220 386 638 298 0 392 842 503 370 740 195 795 340 857 70 815 402 664 140 59 0 184 0 0 932 110 30 32 402 134 652 471 215 644 551 728 0 792 0 0 346 0 342 0 108 87 0 638 0 925 331 474 837 0 162 803 269 118 966 897 980 840 0 947 950 0 439 0 0 579 993 325 0 976 706 875 40 363 894 388 220 120 0 0 272 417 772 0 667 496 778 143 0 685 687 0 88 477 453 953 96 372 0 304 181 789 937 0 0 0 0 0 2 687 0 0 117 930 479 0 391 0 181 208 859 134 0 
0 104 161 740 938 410 68 0 437 222 595 0 236 467 0 5 23 0 427 395 40 548 559 700 0 727 0 821 979 932 0 937 512 276 422 709 0 621 298 563 99 451 109 0 0 689 155 0 917 0 0 423 0 229 965 802 869 662 844 701 926 376 0 0 700 554 575 0 763 103 0 493 0 0 691 0 814 475 170 568 557 653 820 24 107 963 268 75 0 258 114 0 265 348 655 917 11 478 638 150 777 0 358 472 518 756 832 0 916 380 932 0 688 0 140 912 840 410 0 950 997 626 277 513 701 330 0 533 762 0 279 43 946 
0 23 490 751 0 0 0 54 45 474 304 0 933 0 885 974 386 644 380 0 139 435 245 0 898 140 127 0 763 110 937 0 192 697 973 255 0 813 135 992 434 29 588 705 330 142 810 851 822 292 834 879 213 847 774 972 897 0 0 0 520 196 582 876 961 0 656 992 654 0 201 967 263 170 424 561 640 0 581 0 731 345 0 322 528 91 284 798 529 830 268 0 726 526 287 0 91 0 0 468 428 84 690 665 0 65 387 933 0 660 941 0 175 0 0 91 366 0 393 326 902 576 704 413 142 438 356 0 678 948 856 447 0 
765 784 244 289 0 916 116 0 841 669 917 744 802 459 655 802 855 0 0 28 40 0 913 0 968 3 131 602 599 30 512 192 0 132 0 377 999 968 0 0 260 663 379 937 0 474 148 0 957 0 928 240 747 288 86 152 416 885 0 933 26 411 118 250 0 50 929 0 39 3 251 0 690 857 844 0 383 774 295 611 781 811 283 312 544 328 0 0 0 611 974 483 6 0 0 0 0 808 0 0 653 959 0 0 976 561 974 986 564 0 699 0 812 0 95 911 161 0 0 128 0 211 804 434 5 0 618 0 977 0 231 682 0 
996 0 283 0 781 518 101 0 151 455 0 0 799 902 402 0 840 905 948 527 793 0 283 963 841 649 741 0 817 32 276 697 132 0 260 872 869 482 923 80 0 764 0 373 653 0 836 48 819 0 380 183 0 993 124 396 594 838 205 0 41 165 0 18 0 0 70 475 876 785 306 346 979 0 897 958 230 723 474 653 128 911 0 0 516 813 557 327 0 749 0 92 0 647 0 856 251 0 569 738 940 0 774 528 250 754 570 517 0 861 906 786 0 807 0 548 913 649 0 821 355 592 0 0 0 671 585 637 530 777 166 996 985 
711 179 749 221 0 770 480 590 180 981 135 0 745 309 236 849 0 443 0 0 0 412 139 910 539 317 0 340 179 402 422 973 0 260 0 0 0 333 29 813 549 74 550 410 449 952 554 817 693 465 0 440 0 433 0 431 42 586 747 103 257 0 335 238 297 993 181 640 0 168 888 992 929 776 318 245 122 0 0 228 293 854 0 218 0 231 77 301 733 0 917 96 63 0 372 846 0 381 652 683 587 692 995 116 0 487 571 430 559 811 941 736 493 847 259 840 613 0 963 964 622 569 327 331 0 0 444 385 950 219 264 286 325 
0 0 428 149 996 17 280 0 47 622 0 30 138 212 327 0 30 234 0 0 372 787 444 392 461 0 0 0 0 134 709 255 377 872 0 0 190 944 260 282 213 329 0 613 337 835 524 383 928 474 384 510 676 628 402 0 813 419 301 0 785 204 0 875 0 0 42 37 0 484 462 0 0 872 77 0 223 239 959 177 227 0 169 655 587 44 19 0 0 960 111 0 0 808 543 875 152 85 0 0 461 682 62 997 325 218 554 829 124 0 735 0 0 0 0 0 79 0 0 898 178 0 391 982 458 625 817 872 937 344 935 608 299 
999 901 221 695 629 597 226 895 645 461 728 962 927 0 822 410 0 625 703 931 484 0 0 217 642 146 256 91 715 652 0 0 999 869 0 190 0 477 586 249 0 296 897 321 630 519 550 157 932 270 530 587 286 762 0 449 707 404 411 0 0 772 0 726 588 99 273 0 396 0 434 50 91 376 206 928 127 112 930 658 411 624 148 575 761 0 0 175 336 0 61 0 602 330 418 0 0 965 233 0 0 0 10 378 522 747 994 0 607 0 607 111 787 581 271 535 822 32 0 0 0 657 879 550 620 940 0 0 508 521 120 749 0 
220 70 564 925 208 0 762 269 377 864 387 0 463 0 10 283 707 958 420 0 503 0 977 963 147 623 828 0 555 471 621 813 968 482 333 944 477 0 755 188 667 319 0 432 573 0 0 33 125 381 114 456 997 797 553 486 120 85 0 270 489 273 0 0 52 0 479 71 0 349 81 894 644 128 0 906 352 372 794 0 835 702 274 0 693 0 425 263 0 0 577 703 652 0 532 0 524 410 278 101 978 260 389 0 891 423 0 158 845 603 903 719 0 0 115 241 531 624 987 0 0 0 0 364 206 555 973 987 0 747 836 304 965 
926 0 0 254 80 0 846 0 447 0 0 92 253 903 897 0 573 547 787 464 535 963 470 0 469 55 322 0 284 215 298 135 0 923 29 260 586 755 0 0 5 582 0 0 0 0 137 560 501 585 488 554 986 845 340 973 859 502 553 749 49 0 731 18 982 521 350 0 0 380 0 929 0 98 146 466 61 426 892 846 0 66 477 968 418 0 0 309 537 359 614 0 0 308 0 0 0 854 422 0 842 0 0 523 720 494 0 419 488 0 315 770 248 0 188 0 476 795 908 0 555 165 562 425 702 898 622 995 798 881 919 326 0 
88 995 122 300 0 127 859 771 88 893 363 0 0 0 236 895 974 472 93 0 0 463 0 980 715 153 819 204 0 644 563 992 0 80 813 282 249 188 0 0 61 279 253 202 343 872 0 368 0 0 177 361 774 73 0 963 544 0 718 980 37 218 0 0 349 0 0 954 787 0 980 781 888 467 0 771 920 916 0 0 188 174 331 882 999 141 753 548 0 0 335 471 435 74 104 960 394 697 968 620 0 516 0 0 0 0 818 0 135 0 430 852 434 665 910 978 0 485 714 34 578 593 917 3 0 611 392 281 380 732 934 0 850 
895 380 47 813 939 0 890 0 0 0 0 562 396 937 650 0 949 220 845 975 0 126 218 0 694 125 370 976 513 551 99 434 260 0 549 213 0 667 5 61 0 390 0 16 0 990 869 703 0 105 0 366 0 149 0 0 363 84 950 806 0 0 998 319 0 152 0 721 0 0 794 179 0 0 953 133 446 0 939 0 439 838 801 0 196 180 0 0 997 342 0 741 539 242 754 132 995 667 812 443 192 495 976 202 268 0 418 136 338 0 80 278 662 0 0 220 29 535 910 0 0 905 371 285 0 0 794 107 184 683 613 334 822 
0 8 877 282 274 416 0 993 921 774 465 230 673 0 804 674 111 0 207 966 809 21 583 636 0 0 678 198 91 728 451 29 663 764 74 329 296 319 582 279 390 0 690 0 14 315 558 550 215 505 726 904 358 667 755 949 0 333 68 784 287 0 910 0 947 794 0 0 0 0 467 756 0 154 0 636 674 0 0 243 0 195 243 280 82 149 0 0 127 168 980 867 339 340 115 695 721 0 0 135 0 822 80 431 43 91 146 817 0 427 982 330 963 0 0 0 492 842 507 0 132 512 922 222 107 0 595 221 0 775 430 0 0 
0 946 64 0 633 116 890 335 645 928 414 0 151 720 0 308 766 215 0 0 0 595 0 0 0 514 810 319 801 0 109 588 379 0 550 0 897 0 0 253 0 690 0 117 730 86 46 962 328 0 0 0 0 413 996 821 864 581 961 980 368 45 0 0 0 710 0 168 185 66 0 0 74 859 362 495 923 37 821 551 576 945 537 0 0 193 520 857 606 429 5 0 0 223 0 674 0 792 80 131 5 566 863 535 944 885 929 0 326 0 583 345 537 63 127 528 65 643 941 952 933 482 599 0 702 961 0 419 0 876 446 730 239 
44 969 133 0 0 78 607 248 39 729 52 0 475 118 261 56 0 144 0 8 993 0 100 313 785 547 58 923 794 792 0 705 937 373 410 613 321 432 0 202 16 0 117 0 183 469 868 16 447 748 199 213 0 799 659 160 0 921 83 0 988 512 0 0 949 258 781 923 111 622 280 27 564 997 475 899 729 545 80 122 0 0 80 592 46 73 0 0 350 24 666 0 470 241 150 0 454 885 28 0 0 0 899 0 0 616 187 27 847 74 0 895 0 0 186 288 587 0 34 0 0 0 320 673 738 386 894 795 492 926 37 540 544 
940 729 983 728 0 354 0 0 681 270 0 519 721 0 915 0 831 727 973 974 429 793 333 778 427 565 123 0 0 0 0 330 0 653 449 337 630 573 0 343 0 14 730 183 0 560 238 0 0 944 514 675 307 272 0 952 0 333 822 890 82 526 21 615 732 0 978 110 357 457 202 821 304 40 823 0 623 0 524 887 488 0 0 0 913 795 0 203 603 385 44 0 0 0 384 0 362 768 0 21 216 64 664 0 0 42 0 242 0 917 0 0 0 0 78 618 947 0 0 0 0 211 603 187 625 675 790 894 248 0 742 791 0 
0 712 764 881 0 0 780 801 575 42 9 512 0 266 513 865 574 519 583 311 257 686 879 856 689 0 605 688 0 0 689 142 474 0 952 835 519 0 0 872 990 315 86 469 560 0 166 796 560 162 634 387 161 891 0 0 654 882 48 85 28 802 0 716 0 851 37 0 0 800 726 407 0 158 0 745 776 192 739 974 673 3 509 0 225 414 339 0 490 935 458 281 60 601 617 709 0 218 0 969 0 0 0 887 501 77 346 30 962 0 829 769 0 695 0 326 408 248 0 0 0 41 575 400 426 901 972 450 369 0 0 337 162 
564 0 942 613 0 427 0 352 0 113 0 514 0 433 574 0 638 143 905 791 145 413 0 342 962 583 142 0 823 346 155 810 148 836 554 524 550 0 137 0 869 558 46 868 238 166 0 282 619 248 0 0 0 643 64 981 406 287 717 64 189 0 368 771 597 838 730 0 640 47 779 759 741 264 679 112 57 133 0 959 765 0 0 819 100 35 585 626 933 963 231 367 361 422 79 652 123 3 131 35 906 690 0 453 264 230 0 644 933 116 251 296 147 307 710 217 166 0 512 601 518 0 848 192 0 0 360 561 383 324 384 626 792 
0 293 0 575 184 0 609 720 323 0 166 773 526 15 818 719 979 197 0 656 730 0 954 744 799 349 801 839 200 0 0 851 0 48 817 383 157 33 560 368 703 550 962 16 0 796 282 0 0 157 21 528 511 0 669 813 868 449 980 734 3 0 297 0 497 233 536 562 759 0 845 489 893 644 0 0 800 254 0 517 548 345 0 0 624 0 0 845 156 707 390 58 542 0 599 686 702 0 893 390 818 0 0 0 0 0 671 0 478 951 172 255 251 736 988 950 340 0 0 738 910 179 873 92 891 0 0 901 0 915 534 0 121 
373 460 733 327 286 0 823 0 0 0 143 0 291 0 973 0 517 328 656 632 0 0 622 0 806 180 323 815 766 342 917 822 957 819 693 928 932 125 501 0 0 215 328 447 0 560 619 0 0 0 284 59 416 0 32 614 0 238 0 920 763 151 0 446 12 0 297 753 534 0 360 814 0 923 610 0 625 0 845 0 788 620 42 201 478 850 0 0 785 529 0 336 271 140 0 333 886 388 0 0 961 255 0 24 0 601 627 234 243 701 0 812 242 440 241 0 353 633 938 842 226 0 148 414 760 660 0 137 365 0 347 0 0 
787 167 271 0 196 98 0 144 223 0 305 0 653 0 0 0 594 806 0 0 211 905 956 239 796 98 660 297 203 0 0 292 0 0 465 474 270 381 585 0 105 505 0 748 944 162 248 157 0 0 0 387 686 0 0 995 595 131 982 145 0 336 473 0 0 0 0 0 824 73 0 165 729 0 0 708 146 0 636 574 986 119 747 955 0 535 0 0 474 0 523 971 0 876 613 748 250 0 412 4 88 684 0 486 0 907 739 792 227 0 0 152 674 956 0 486 834 0 202 0 59 700 353 859 462 479 0 0 344 986 553 684 2 
446 0 0 51 0 940 967 0 17 90 140 760 136 416 72 0 529 993 458 307 503 157 417 677 262 0 881 742 0 108 0 834 928 380 0 384 530 114 488 177 0 726 0 199 514 634 0 21 284 0 0 706 895 0 756 927 198 0 64 295 678 461 647 156 392 0 15 100 326 554 736 0 675 936 330 846 963 439 385 605 174 762 0 0 0 0 916 302 467 17 707 796 123 105 320 0 463 298 805 507 0 948 646 0 932 179 69 104 209 0 741 805 701 551 698 407 0 601 750 21 0 0 0 98 0 43 424 954 831 13 274 53 0 
57 547 717 917 770 773 685 905 0 0 804 0 0 761 0 0 65 415 0 109 928 0 497 0 636 463 161 689 0 87 423 879 240 183 440 510 587 456 554 361 366 904 0 213 675 387 0 528 59 387 706 0 107 778 439 673 128 33 236 0 0 610 120 824 0 0 0 0 0 0 0 276 129 6 749 0 889 719 850 215 96 749 175 762 857 0 757 482 564 114 0 567 537 175 357 314 70 848 25 389 531 370 548 490 401 748 0 866 0 380 0 46 24 770 26 969 0 0 558 414 0 496 42 624 615 886 217 753 386 0 0 723 886 
790 85 0 21 949 947 276 190 880 0 200 444 607 0 463 963 575 873 726 686 850 0 360 410 732 616 0 723 222 0 0 213 747 0 0 676 286 997 986 774 0 358 0 0 307 161 0 511 416 686 895 107 0 438 611 0 653 780 532 842 119 0 755 0 108 927 906 38 0 434 80 944 788 59 399 247 0 33 444 0 93 560 235 0 549 644 122 0 42 268 0 0 725 166 0 0 666 0 218 466 249 842 0 620 0 345 333 0 353 433 852 785 505 306 233 357 611 342 75 0 536 566 892 0 0 885 638 0 0 377 450 408 0 
367 940 0 849 79 0 0 713 0 690 972 17 118 0 243 0 194 319 784 0 0 931 717 87 429 503 697 0 0 638 229 847 288 993 433 628 762 797 845 73 149 667 413 799 272 891 643 0 0 0 0 778 438 0 867 121 774 979 158 0 729 108 585 0 433 530 679 138 80 941 935 0 647 536 949 0 807 0 941 586 0 142 0 0 838 322 279 0 737 572 620 0 29 969 0 0 0 944 505 565 792 0 135 0 84 354 184 0 293 767 609 893 924 0 0 474 893 993 0 85 774 536 514 0 0 0 659 0 0 0 910 739 98 
448 155 958 0 201 63 955 414 0 381 0 570 285 850 135 120 0 577 558 935 837 895 154 808 165 459 0 0 318 0 965 774 86 124 0 402 0 553 340 0 0 755 996 659 0 0 64 669 32 0 756 439 611 867 0 347 753 8 0 705 291 0 0 165 928 721 0 113 24 0 319 0 392 0 432 117 641 990 258 398 673 248 0 0 249 633 861 841 824 924 672 900 915 0 274 835 407 37 931 915 812 0 111 106 630 722 604 438 67 73 0 0 612 107 277 787 574 0 752 292 0 8 253 0 29 820 0 484 548 962 0 672 263 
0 0 223 0 702 347 430 854 343 969 175 277 218 329 0 267 115 735 569 616 0 493 426 0 210 220 224 0 0 925 802 972 152 396 431 0 449 486 973 963 0 949 821 160 952 0 981 813 614 995 927 673 0 121 347 0 683 205 842 437 196 471 126 169 471 0 978 320 372 131 0 178 44 0 454 575 0 0 265 735 312 489 0 383 854 985 282 873 426 125 297 770 111 618 0 0 339 370 553 550 0 0 0 100 201 672 197 434 64 438 84 602 0 0 120 276 383 0 265 876 360 372 858 0 70 0 118 930 101 652 0 316 0 
733 288 332 908 603 431 0 601 939 45 923 5 504 858 524 716 608 82 594 496 637 0 0 19 0 2 0 0 0 331 869 897 416 594 42 813 707 120 859 544 363 0 864 0 0 654 406 868 0 595 198 128 653 774 753 683 0 179 701 427 238 0 801 988 790 517 0 157 0 918 819 0 231 703 0 801 511 356 419 684 722 279 644 716 818 0 270 0 164 265 779 7 299 0 0 0 652 462 959 233 856 0 655 0 0 654 192 64 604 0 0 269 552 730 971 0 0 608 630 239 501 0 438 0 0 593 971 2 670 315 632 684 833 
0 0 602 730 137 298 591 10 770 269 0 0 405 659 0 35 417 545 147 100 424 516 394 362 698 196 713 728 0 474 662 0 885 838 586 419 404 85 502 0 84 333 581 921 333 882 287 449 238 131 0 33 780 979 8 205 179 0 989 256 883 109 900 0 410 787 724 0 90 725 530 521 199 836 65 318 190 373 544 558 110 956 126 0 329 148 0 143 724 725 436 747 395 440 477 623 0 891 0 179 99 276 0 114 257 81 674 687 693 0 0 699 0 107 632 309 911 669 34 32 141 13 0 0 0 231 342 0 957 90 0 349 767 
30 642 716 280 0 367 736 202 0 272 421 324 710 229 339 189 0 388 0 999 908 471 0 203 77 466 555 140 0 837 844 0 0 205 747 301 411 0 553 718 950 68 961 83 822 48 717 980 0 982 64 236 532 158 0 842 701 989 0 617 636 10 425 876 202 98 318 824 62 652 356 104 446 0 650 316 288 188 0 753 0 0 772 822 58 988 232 679 0 816 18 796 379 939 0 195 921 0 86 73 0 0 353 763 346 0 847 241 319 0 214 367 57 659 119 216 0 443 375 428 0 846 56 902 82 440 999 58 0 9 33 250 683 
0 491 121 413 0 910 0 0 776 146 0 361 628 0 871 193 156 20 0 426 0 0 601 0 301 733 177 121 0 0 701 0 933 0 103 0 0 270 749 980 806 784 980 0 890 85 64 734 920 145 295 0 842 0 705 437 427 256 617 0 913 0 946 417 0 130 0 52 695 305 0 6 731 0 212 217 801 0 725 550 85 52 257 0 160 0 82 323 0 547 992 0 650 274 875 143 60 851 465 811 688 97 625 667 310 0 15 547 253 745 95 479 868 571 111 0 507 0 692 785 781 0 617 895 356 927 0 0 43 0 974 0 972 
950 322 0 0 409 117 0 555 681 128 755 951 0 240 270 0 918 517 605 645 946 869 4 174 129 0 178 409 255 162 926 520 26 41 257 785 0 489 49 37 0 287 368 988 82 28 189 3 763 0 678 0 119 729 291 196 238 883 636 913 0 0 668 942 538 0 582 0 624 384 0 57 0 519 917 578 873 0 43 895 0 0 0 0 32 0 692 0 393 610 0 355 537 47 958 610 15 0 267 15 908 530 687 352 361 0 2 684 784 0 0 0 0 0 0 0 69 161 342 903 795 866 0 614 0 61 541 498 555 353 876 0 521 
396 947 545 436 0 0 391 578 0 0 0 377 53 214 68 963 969 957 155 452 458 0 845 451 0 0 730 55 554 803 376 196 411 165 0 204 772 273 0 218 0 0 45 512 526 802 0 0 151 336 461 610 0 108 0 471 0 109 10 0 0 0 974 292 787 855 509 817 631 0 0 122 0 729 0 0 0 0 542 0 583 303 601 876 568 835 397 0 760 226 710 520 412 381 687 6 797 0 0 218 487 0 520 423 44 0 834 591 577 358 38 0 795 636 340 0 0 0 480 780 858 567 0 792 916 598 247 420 0 0 330 0 96 
962 568 402 683 0 20 768 166 71 0 0 438 662 993 387 875 820 621 534 946 611 270 19 725 760 432 0 898 0 269 0 582 118 0 335 0 0 0 731 0 998 910 0 0 21 0 368 297 0 473 647 120 755 585 0 126 801 900 425 946 668 974 0 925 293 731 910 41 112 436 0 14 1 772 143 931 705 0 671 74 0 846 422 970 853 756 749 35 0 931 996 685 530 914 595 209 0 874 0 0 508 791 502 513 0 282 0 386 356 166 743 191 383 645 539 974 287 0 124 805 491 876 0 391 0 633 913 501 0 854 601 485 0 
950 135 150 0 835 854 663 0 0 737 900 719 260 608 443 0 769 694 0 0 291 747 0 928 986 914 834 922 315 118 0 876 250 18 238 875 726 0 18 0 319 0 0 0 615 716 771 0 446 0 156 824 0 0 165 169 988 0 876 417 942 292 925 0 0 723 329 931 0 244 538 0 0 0 974 18 514 917 330 280 423 538 0 0 439 859 49 76 0 909 182 101 896 866 795 562 0 727 803 350 307 135 0 92 0 0 854 387 377 699 924 993 180 0 0 306 9 0 0 0 519 0 0 102 94 40 0 699 345 0 894 519 0 
77 414 539 932 846 330 669 677 79 999 0 0 678 395 0 698 0 20 323 621 0 0 33 318 993 651 74 0 490 966 700 961 0 0 297 0 588 52 982 349 0 947 0 949 732 0 597 497 12 0 392 0 108 433 928 471 790 410 202 0 538 787 293 0 0 765 726 28 0 667 889 605 154 0 0 0 423 221 965 0 934 945 297 924 0 736 0 78 366 599 0 416 14 610 0 0 243 681 0 989 675 155 0 37 372 296 392 425 902 285 116 789 0 47 0 0 336 764 955 32 169 79 123 183 275 548 0 443 0 0 632 101 439 
43 30 686 272 464 527 934 142 0 183 995 454 101 129 821 299 929 140 534 679 0 436 0 0 0 484 0 251 802 897 554 0 50 0 993 0 99 0 521 0 152 794 710 258 0 851 838 233 0 0 0 0 927 530 721 0 517 787 98 130 0 855 731 723 765 0 259 475 372 485 193 833 727 145 685 28 0 856 278 152 458 86 14 698 534 49 696 0 217 248 549 101 547 59 105 6 513 0 862 808 270 0 25 475 91 0 0 8 231 106 653 128 227 431 655 193 118 996 216 331 23 240 524 235 266 0 858 0 166 635 493 999 760 
420 252 57 0 704 3 998 721 0 372 196 743 403 191 253 144 393 225 153 725 211 661 924 583 664 713 350 255 491 980 575 656 929 70 181 42 273 479 350 0 0 0 0 781 978 37 730 536 297 0 15 0 906 679 0 978 0 724 318 0 582 509 910 329 726 259 0 706 787 505 149 299 893 0 0 0 689 521 342 624 0 246 389 819 0 706 0 497 822 307 0 10 936 0 968 0 799 111 870 0 108 432 45 296 588 904 81 208 0 498 742 458 244 388 312 90 0 867 356 0 464 717 0 0 256 595 60 147 572 284 15 506 0 
0 0 26 0 374 297 396 734 301 74 776 238 23 97 493 555 846 718 0 0 479 485 842 760 370 825 618 369 0 840 0 992 0 475 640 37 0 71 0 954 721 0 168 923 110 0 0 562 753 0 100 0 38 138 113 320 157 0 824 52 0 817 41 931 28 475 706 0 516 978 543 34 0 261 0 96 50 151 658 0 935 50 0 710 110 26 435 816 984 0 0 0 0 0 179 0 400 0 981 458 605 0 299 608 0 69 93 0 667 102 42 250 326 291 0 217 0 342 225 561 296 31 338 750 0 259 580 763 875 731 603 0 761 
0 513 772 116 608 7 0 648 0 0 0 535 279 253 216 869 817 858 0 744 780 657 540 114 0 629 0 754 51 0 763 654 39 876 0 0 396 0 0 787 0 0 185 111 357 0 640 759 534 824 326 0 0 80 24 372 0 90 62 695 624 631 112 0 0 372 787 516 0 0 937 440 0 756 88 0 0 684 0 497 193 101 677 0 176 894 77 0 525 685 129 56 588 0 993 281 878 193 0 0 0 828 293 107 590 0 596 297 243 852 270 613 547 672 0 690 330 118 0 0 660 132 0 0 645 906 272 661 614 379 152 731 13 
821 267 436 468 987 661 750 693 493 73 0 0 828 870 0 0 766 30 8 227 0 811 983 132 521 995 0 0 452 947 103 0 3 785 168 484 0 349 380 0 0 0 66 622 457 800 47 0 0 73 554 0 434 941 0 131 918 725 652 305 384 0 436 244 667 485 505 978 0 0 428 765 286 0 610 0 42 0 261 461 0 942 850 48 0 444 664 825 383 426 98 521 0 749 134 231 722 452 0 557 782 803 985 0 193 0 350 528 159 603 484 282 795 871 0 408 179 0 0 178 0 0 567 894 0 337 106 0 495 344 0 699 14 
783 120 0 0 462 888 0 731 971 389 657 0 184 296 124 0 815 995 470 523 0 373 0 891 532 0 243 133 764 950 0 201 251 306 888 462 434 81 0 980 794 467 0 280 202 726 779 845 360 0 736 0 80 935 319 0 819 530 356 0 0 0 0 538 889 193 149 543 937 428 0 866 0 187 665 0 83 410 883 830 0 241 0 0 0 0 879 899 0 0 635 929 110 869 0 490 602 78 131 819 906 241 971 817 0 868 463 434 0 836 939 384 424 992 449 882 0 468 328 598 221 6 0 987 0 529 165 293 0 737 230 0 731 
40 575 891 876 640 405 0 536 181 30 0 531 0 880 496 0 330 0 991 165 637 269 916 800 398 861 767 332 527 0 493 967 0 346 992 0 50 894 929 781 179 756 0 27 821 407 759 489 814 165 0 276 944 0 0 178 0 521 104 6 57 122 14 0 605 833 299 34 440 765 866 0 441 346 48 327 0 915 896 273 212 507 0 830 468 630 0 143 967 656 0 311 269 539 234 192 985 207 939 904 619 877 0 255 303 563 0 29 509 318 943 0 772 0 0 642 723 232 815 396 830 150 0 843 0 400 0 745 948 0 788 0 541 
846 391 0 861 0 275 819 561 403 0 70 705 817 963 0 505 183 0 852 0 231 118 0 586 950 189 955 0 0 439 0 263 690 979 929 0 91 644 0 888 0 0 74 564 304 0 741 893 0 729 675 129 788 647 392 44 231 199 446 731 0 0 1 0 154 727 893 0 0 286 0 441 0 59 0 288 0 145 6 0 433 278 0 564 277 251 568 356 956 447 257 636 647 922 971 26 449 441 925 702 863 479 565 716 908 513 0 0 0 801 359 30 0 277 583 666 148 927 868 551 0 473 340 805 843 34 0 29 409 0 583 325 261 
928 257 717 68 182 933 818 836 186 95 0 0 1 409 517 866 371 0 110 625 347 132 401 545 0 606 547 660 0 0 0 170 857 0 776 872 376 128 98 467 0 154 859 997 40 158 264 644 923 0 936 6 59 536 0 0 703 836 0 0 519 729 772 0 0 145 0 261 756 0 187 346 59 0 399 826 0 0 228 933 782 231 312 889 418 0 534 525 194 0 952 735 570 166 802 844 230 173 562 0 287 347 383 585 979 513 317 363 455 749 0 400 319 3 0 682 0 758 0 386 52 0 603 474 178 593 209 709 340 478 0 0 249 
446 0 351 550 316 731 0 596 131 378 405 647 0 903 688 0 316 521 218 0 556 121 956 163 89 0 816 535 319 0 691 424 844 897 318 77 206 0 146 0 953 0 362 475 823 0 679 0 610 0 330 749 399 949 432 454 0 65 650 212 917 0 143 974 0 685 0 0 88 610 665 48 0 399 0 207 661 0 0 413 755 340 800 520 0 0 0 967 254 894 5 451 64 0 734 311 741 0 314 685 782 721 0 174 906 884 712 0 820 627 652 779 0 101 0 586 0 658 684 48 451 28 9 968 451 0 246 0 499 0 782 0 460 
752 253 302 551 444 390 306 929 0 757 328 224 817 810 977 416 0 112 182 234 155 964 0 478 946 0 0 291 0 579 0 561 0 958 245 0 928 906 466 771 133 636 495 899 0 745 112 0 0 708 846 0 247 0 117 575 801 318 316 217 578 0 931 18 0 28 0 96 0 0 0 327 288 826 207 0 721 30 785 229 453 798 0 330 2 807 719 313 550 301 402 0 686 0 21 963 0 197 181 147 524 393 263 904 960 0 184 499 396 485 0 0 941 545 654 871 0 311 184 303 43 382 642 647 0 983 404 0 660 0 805 0 369 
676 185 123 775 792 199 791 131 0 0 5 0 81 0 583 996 803 935 0 0 773 270 0 588 172 22 107 448 0 993 814 640 383 230 122 223 127 352 61 920 446 674 923 729 623 776 57 800 625 146 963 889 0 807 641 0 511 190 288 801 873 0 705 514 423 0 689 50 0 42 83 0 0 0 661 721 0 314 0 0 768 955 931 443 882 38 900 397 970 503 125 994 943 0 0 706 221 48 129 0 567 679 511 637 628 59 955 816 677 0 682 0 0 0 0 0 421 0 0 374 929 789 61 273 199 45 337 209 535 636 633 0 459 
0 488 188 322 54 711 596 225 211 242 686 0 228 818 290 778 747 752 0 786 57 0 223 596 634 0 341 904 286 325 475 0 774 723 0 239 112 372 426 916 0 0 37 545 0 192 133 254 0 0 439 719 33 0 990 0 356 373 188 0 0 0 0 917 221 856 521 151 684 0 410 915 145 0 0 30 314 0 886 170 626 102 392 0 0 386 0 239 482 331 319 0 0 42 328 0 747 0 0 377 363 448 961 363 853 975 595 34 0 93 705 0 326 574 625 191 952 922 900 458 249 0 0 0 353 572 230 553 679 237 0 431 697 
253 222 0 871 0 871 239 111 999 0 782 240 0 489 712 615 609 522 0 847 0 0 508 0 301 896 160 112 616 0 170 581 295 474 0 959 930 794 892 0 939 0 821 80 524 739 0 0 845 636 385 850 444 941 258 265 419 544 0 725 43 542 671 330 965 278 342 658 0 261 883 896 6 228 0 785 0 886 0 854 0 305 682 244 340 850 0 140 181 0 623 176 0 260 748 463 722 69 180 0 929 856 908 727 221 682 0 611 46 0 172 329 0 949 0 530 788 112 817 0 465 0 927 721 0 787 901 851 223 0 0 150 0 
621 0 926 582 0 673 610 0 0 591 0 122 134 902 0 191 986 184 684 158 9 380 461 489 0 554 499 563 988 976 568 0 611 653 228 177 658 0 846 0 0 243 551 122 887 974 959 517 0 574 605 215 0 586 398 735 684 558 753 550 895 0 74 280 0 152 624 0 497 461 830 273 0 933 413 229 0 170 854 0 208 497 0 906 955 241 867 846 0 0 875 131 164 71 0 0 913 231 468 944 0 931 380 305 576 0 973 0 993 834 0 444 774 190 0 0 0 516 294 399 819 400 778 712 841 906 577 369 0 848 0 53 670 
927 0 776 803 0 21 873 4 862 522 324 89 208 126 830 279 12 606 127 0 0 0 62 780 591 815 0 0 614 706 557 731 781 128 293 227 411 835 0 188 439 0 576 0 488 673 765 548 788 986 174 96 93 0 673 312 722 110 0 85 0 583 0 423 934 458 0 935 193 0 0 212 433 782 755 453 768 626 0 208 0 445 0 973 0 0 659 0 0 246 530 348 0 29 534 643 654 103 282 287 202 22 522 239 449 226 234 144 0 715 932 204 827 881 0 490 0 726 0 453 634 959 364 188 68 280 6 943 79 0 567 58 596 
0 36 540 92 644 4 709 124 841 976 235 0 473 382 537 0 0 267 83 0 0 648 372 0 703 0 54 271 171 875 653 345 811 911 854 0 624 702 66 174 838 195 945 0 0 3 0 345 620 119 762 749 560 142 248 489 279 956 0 52 0 303 846 538 945 86 246 50 101 942 241 507 278 231 340 798 955 102 305 497 445 0 927 856 0 502 916 389 0 0 245 403 214 0 0 0 712 720 447 0 0 642 783 29 0 635 0 913 557 0 402 0 958 129 755 478 0 114 688 0 718 914 85 980 0 702 906 213 480 546 792 0 127 
0 379 0 433 785 510 12 201 627 504 163 276 0 0 0 258 695 346 521 863 361 32 911 906 0 903 0 488 746 40 820 0 283 0 0 169 148 274 477 331 801 243 537 80 0 509 0 0 42 747 0 175 235 0 0 0 644 126 772 257 0 601 422 0 297 14 389 0 677 850 0 0 0 312 800 0 931 392 682 0 0 927 0 240 348 263 505 536 672 193 0 634 0 0 893 3 295 240 204 609 182 96 512 0 174 350 877 692 728 730 445 502 457 861 442 845 138 428 0 0 321 50 912 534 0 484 665 770 830 495 284 852 0 
534 36 76 426 486 983 0 249 0 0 797 244 238 717 604 0 0 674 687 0 418 116 678 417 145 568 493 367 304 363 24 322 312 0 218 655 575 0 968 882 0 280 0 592 0 0 819 0 201 955 0 762 0 0 0 383 716 0 822 0 0 876 970 0 924 698 819 710 0 48 0 830 564 889 520 330 443 0 244 906 973 856 240 0 550 81 779 0 353 645 655 93 591 738 457 484 331 593 0 390 17 400 340 684 0 759 679 0 732 736 0 757 304 183 578 0 55 789 0 611 0 19 826 0 425 746 0 70 0 0 226 516 557 
740 263 437 509 534 486 0 0 0 845 265 0 253 265 99 870 773 86 0 0 937 982 589 82 916 615 968 0 0 894 107 528 544 516 0 587 761 693 418 999 196 82 0 46 913 225 100 624 478 0 0 857 549 838 249 854 818 329 58 160 32 568 853 439 0 534 0 110 176 0 0 468 277 418 0 2 882 0 340 955 0 0 348 550 0 907 0 536 0 0 0 0 700 191 701 0 781 428 930 606 464 352 0 0 875 436 728 936 0 786 196 0 123 693 288 925 0 0 143 850 0 24 0 110 0 844 590 709 115 498 334 440 763 
518 90 146 868 312 685 0 353 0 917 766 101 0 0 875 928 239 0 942 246 637 0 200 93 473 901 119 530 936 388 963 91 328 813 231 44 0 0 0 141 180 149 193 73 795 414 35 0 850 535 0 0 644 322 633 985 0 148 988 0 0 835 756 859 736 49 706 26 894 444 0 630 251 0 0 807 38 386 850 241 0 502 263 81 907 0 219 181 650 625 757 721 0 244 191 0 726 0 0 378 789 578 0 91 708 775 871 924 365 0 144 782 127 0 261 0 0 0 468 0 28 0 578 942 356 489 0 216 297 315 362 152 696 
761 53 0 922 549 310 0 0 0 951 0 114 396 54 62 404 0 0 586 0 164 541 613 0 9 0 0 662 954 220 268 284 0 557 77 19 0 425 0 753 0 0 520 0 0 339 585 0 0 0 916 757 122 279 861 282 270 0 232 82 692 397 749 49 0 696 0 435 77 664 879 0 568 534 0 719 900 0 0 867 659 916 505 779 0 219 0 195 492 936 792 776 78 620 730 286 631 682 116 965 200 76 0 782 122 864 347 533 315 147 370 0 0 233 758 135 817 176 977 937 349 0 0 0 903 0 0 725 0 152 0 0 308 
874 0 0 0 431 148 38 811 0 893 643 0 0 0 0 375 950 632 447 684 342 0 0 908 298 198 206 945 664 120 75 798 0 327 301 0 175 263 309 548 0 0 857 0 203 0 626 845 0 0 302 482 0 0 841 873 0 143 679 323 0 0 35 76 78 0 497 816 0 825 899 143 356 525 967 313 397 239 140 846 0 389 536 0 536 181 195 0 400 617 985 74 729 0 238 568 370 511 0 118 0 0 585 0 0 0 23 0 507 452 244 855 612 819 348 371 0 537 0 392 0 75 995 66 525 0 181 624 892 171 310 0 979 
505 0 0 369 843 0 0 742 0 37 0 866 81 771 449 0 319 0 564 0 391 0 0 101 99 0 657 787 312 0 0 529 0 0 733 0 336 0 537 0 997 127 606 350 603 490 933 156 785 474 467 564 42 737 824 426 164 724 0 0 393 760 0 0 366 217 822 984 525 383 0 967 956 194 254 550 970 482 181 0 0 0 672 353 0 650 492 400 0 438 884 232 275 969 407 545 815 0 931 224 941 531 891 20 658 286 616 53 0 426 882 0 942 717 425 909 323 165 0 543 0 147 91 215 302 552 227 148 953 198 433 240 632 
470 792 547 778 271 0 776 940 712 797 53 255 147 864 0 332 0 652 580 0 269 0 0 0 918 0 886 98 0 0 258 830 611 749 0 960 0 0 359 0 342 168 429 24 385 935 963 707 529 0 17 114 268 572 924 125 265 725 816 547 610 226 931 909 599 248 307 0 685 426 0 656 447 0 894 301 503 331 0 0 246 0 193 645 0 625 936 617 438 0 835 624 0 189 884 0 141 0 0 433 0 819 674 0 0 974 0 0 565 75 643 0 535 454 510 390 141 0 551 576 0 709 1 549 465 493 415 68 0 0 672 400 0 
373 510 374 762 77 0 61 412 376 358 527 0 0 0 967 84 61 232 507 0 501 352 0 0 137 0 864 583 9 272 114 268 974 0 917 111 61 577 614 335 0 980 5 666 44 458 231 390 0 523 707 0 0 620 672 297 779 436 18 992 0 710 996 182 0 549 0 0 129 98 635 0 257 952 5 402 125 319 623 875 530 245 0 655 0 757 792 985 884 835 0 928 481 264 0 241 378 0 876 567 280 0 665 145 0 671 0 0 0 0 29 655 843 392 181 4 101 398 0 408 184 761 896 926 0 58 761 590 401 124 399 864 527 
683 475 781 0 920 254 490 101 788 729 612 0 969 556 0 0 541 456 88 296 578 6 809 351 0 21 535 46 182 417 0 0 483 92 96 0 0 703 0 471 741 867 0 0 0 281 367 58 336 971 796 567 0 0 900 770 7 747 796 0 355 520 685 101 416 101 10 0 56 521 929 311 636 735 451 0 994 0 176 131 348 403 634 93 0 721 776 74 232 624 928 0 654 177 749 0 295 554 815 123 158 333 47 531 579 0 0 362 755 0 0 0 0 467 112 850 0 560 429 224 0 0 599 0 147 0 0 957 0 329 639 859 0 
165 818 286 964 145 993 344 0 36 354 0 0 855 263 675 298 195 272 272 0 252 929 752 0 901 826 147 5 84 772 265 726 6 0 63 0 602 652 0 435 539 339 0 470 0 60 361 542 271 0 123 537 725 29 915 111 299 395 379 650 537 412 530 896 14 547 936 0 588 0 110 269 647 570 64 686 943 0 0 164 0 214 0 591 700 0 78 729 275 0 481 654 0 472 397 979 170 683 0 98 0 192 712 602 0 759 801 666 684 946 282 533 802 260 282 0 111 133 0 384 0 259 0 171 232 0 587 524 0 353 152 826 216 
893 144 417 549 126 895 505 152 0 0 645 552 607 492 295 0 869 670 845 0 70 0 0 0 413 487 0 465 280 0 348 526 0 647 0 808 330 0 308 74 242 340 223 241 0 601 422 0 140 876 105 175 166 969 0 618 0 440 939 274 47 381 914 866 610 59 0 0 0 749 869 539 922 166 0 0 0 42 260 71 29 0 0 738 191 244 620 0 969 189 264 177 472 0 236 876 0 0 699 391 334 876 102 540 60 150 220 703 102 0 924 0 952 688 0 507 298 0 159 456 0 0 0 54 401 806 619 0 566 639 913 983 437 
427 593 286 582 698 133 781 0 79 509 808 253 823 0 562 297 0 448 0 160 0 538 0 250 0 730 189 0 632 667 655 287 0 0 372 543 418 532 0 104 754 115 0 150 384 617 79 599 0 613 320 357 0 0 274 0 0 477 0 875 958 687 595 795 0 105 968 179 993 134 0 234 971 802 734 21 0 328 748 0 534 0 893 457 701 191 730 238 407 884 0 749 397 236 0 916 963 458 624 665 224 385 439 100 566 0 361 425 990 468 804 0 709 787 292 434 0 0 232 0 0 790 0 524 0 342 752 738 209 0 431 786 887 
913 93 235 286 425 280 426 0 805 627 989 417 215 553 708 625 323 812 0 350 93 0 58 992 414 348 611 698 573 496 917 0 0 856 846 875 0 0 0 960 132 695 674 0 0 709 652 686 333 748 0 314 0 0 835 0 0 623 195 143 610 6 209 562 0 6 0 0 281 231 490 192 26 844 311 963 706 0 463 0 643 0 3 484 0 0 286 568 545 0 241 0 979 876 916 0 2 321 315 0 859 97 139 107 566 965 563 764 496 546 0 51 96 0 374 586 0 15 66 128 379 621 676 876 0 944 174 251 263 492 519 378 897 
556 913 526 624 268 622 394 737 466 805 770 170 0 233 645 729 0 0 684 872 533 0 0 756 708 62 0 39 730 778 11 91 0 251 0 152 0 524 0 394 995 721 0 454 362 0 123 702 886 250 463 70 666 0 407 339 652 0 921 60 15 797 0 0 243 513 799 400 878 722 602 985 449 230 741 0 221 747 722 913 654 712 295 331 781 726 631 370 815 141 378 295 170 0 963 2 0 211 519 0 769 43 0 215 0 610 854 286 777 267 241 552 0 896 0 0 202 0 0 204 0 948 48 0 0 0 98 523 852 49 792 164 221 
452 840 0 0 0 0 129 311 288 0 0 0 0 245 577 815 0 936 492 423 943 293 522 81 504 334 470 237 282 143 478 0 808 0 381 85 965 410 854 697 667 0 792 885 768 218 3 0 388 0 298 848 0 944 37 370 462 891 0 851 0 0 874 727 681 0 111 0 193 452 78 207 441 173 0 197 48 0 69 231 103 720 240 593 428 0 682 511 0 0 0 554 683 0 458 321 211 0 0 881 0 0 168 829 0 254 997 523 0 724 0 0 713 0 45 678 376 342 960 907 446 0 0 0 0 376 0 101 834 0 916 0 316 
0 254 249 0 334 0 748 0 863 0 867 139 378 413 661 0 791 987 637 651 144 0 983 171 574 9 202 18 21 0 638 0 0 569 652 0 233 278 422 968 812 0 80 28 0 0 131 893 0 412 805 25 218 505 931 553 959 0 86 465 267 0 0 803 0 862 870 981 0 0 131 939 925 562 314 181 129 0 180 468 282 447 204 0 930 0 116 0 931 0 876 815 0 699 624 315 519 0 0 935 599 614 0 0 449 538 577 637 600 391 0 0 0 242 539 235 579 0 519 0 566 862 161 103 636 206 0 0 583 198 808 0 659 
679 775 909 554 846 595 312 751 262 626 208 878 390 254 0 394 377 0 526 732 713 898 0 84 0 936 549 632 0 685 150 468 0 738 683 0 0 101 0 620 443 135 131 0 21 969 35 390 0 4 507 389 466 565 915 550 233 179 73 811 15 218 0 350 989 808 0 458 0 557 819 904 702 0 685 147 0 377 0 944 287 0 609 390 606 378 965 118 224 433 567 123 98 391 665 0 0 881 935 0 0 777 181 0 0 526 377 855 599 0 803 0 559 92 294 535 383 791 0 50 174 0 0 986 213 98 588 0 148 874 514 0 0 
648 656 0 0 877 753 0 336 150 0 0 0 314 127 0 209 991 637 550 175 115 0 9 347 0 838 837 417 944 687 777 428 653 940 587 461 0 978 842 0 192 0 5 0 216 0 906 818 961 88 0 531 249 792 812 0 856 99 0 688 908 487 508 307 675 270 108 605 0 782 906 619 863 287 782 524 567 363 929 0 202 0 182 17 464 789 200 0 941 0 280 158 0 334 224 859 769 0 599 0 0 34 132 252 0 255 725 206 0 395 0 0 806 292 709 0 888 0 311 759 208 945 132 984 94 500 646 8 0 100 41 767 697 
0 0 639 909 702 176 489 542 54 0 789 0 0 767 310 121 0 127 73 0 0 557 347 876 221 233 0 0 651 0 0 84 959 0 692 682 0 260 0 516 495 822 566 0 64 0 690 0 255 684 948 370 842 0 0 0 0 276 0 97 530 0 791 135 155 0 432 0 828 803 241 877 479 347 721 393 679 448 856 931 22 642 96 400 352 578 76 0 531 819 0 333 192 876 385 97 43 0 614 777 34 0 616 420 409 62 0 790 777 938 0 369 244 275 530 0 0 705 725 12 0 12 0 862 589 664 507 0 480 9 0 225 0 
0 832 649 925 636 586 0 228 0 777 82 161 230 0 805 998 494 0 769 100 108 203 0 336 0 909 655 509 281 88 358 690 0 774 995 62 10 389 0 0 976 80 863 899 664 0 0 0 0 0 646 548 0 135 111 0 655 0 353 625 687 520 502 0 0 25 45 299 293 985 971 0 565 383 0 263 511 961 908 380 522 783 512 340 0 0 0 585 891 674 665 47 712 102 439 139 0 168 0 181 132 616 0 302 622 48 126 0 747 535 0 87 92 0 0 634 886 0 901 994 0 249 875 0 430 0 0 491 43 787 661 0 637 
238 0 0 965 938 190 220 270 753 766 700 307 612 0 582 672 0 436 335 168 0 217 476 861 98 283 272 0 747 477 472 665 0 528 116 997 378 0 523 0 202 431 535 0 0 887 453 0 24 486 0 490 620 0 106 100 0 114 763 667 352 423 513 92 37 475 296 608 107 0 817 255 716 585 174 904 637 363 727 305 239 29 0 684 0 91 782 0 20 0 145 531 602 540 100 107 215 829 0 0 252 420 302 0 560 301 703 319 0 460 0 616 114 49 0 464 709 172 333 0 697 99 907 995 0 877 302 706 717 708 0 698 950 
299 25 426 866 72 638 785 802 0 0 0 33 0 604 0 801 0 729 0 0 537 0 0 402 767 728 806 0 822 453 518 0 976 250 0 325 522 891 720 0 268 43 944 0 0 501 264 0 0 0 932 401 0 84 630 201 0 257 346 310 361 44 0 0 372 91 588 0 590 193 0 303 908 979 906 960 628 853 221 576 449 0 174 0 875 708 122 0 658 0 0 579 0 60 566 566 0 0 449 0 0 409 622 560 0 277 0 584 564 645 29 660 0 706 917 982 64 0 403 0 340 319 0 939 53 793 873 0 215 159 338 697 912 
151 854 274 141 530 384 421 875 118 421 0 0 0 0 0 371 259 845 555 836 18 0 0 819 830 758 359 285 612 953 756 65 561 754 487 218 747 423 494 0 0 91 885 616 42 77 230 0 601 907 179 748 345 354 722 672 654 81 0 0 0 0 282 0 296 0 904 69 0 0 868 563 513 513 884 0 59 975 682 0 226 635 350 759 436 775 864 0 286 974 671 0 759 150 0 965 610 254 538 526 255 62 48 301 277 0 68 76 0 892 25 761 0 0 409 942 219 268 0 927 0 653 743 656 460 0 0 771 14 462 160 788 510 
687 765 342 986 673 307 355 933 621 819 726 294 0 916 0 169 209 563 13 482 0 0 827 328 267 0 0 728 658 96 832 387 974 570 571 554 994 0 0 818 418 146 929 187 0 346 0 671 627 739 69 0 333 184 604 197 192 674 847 15 2 834 0 854 392 0 81 93 596 350 463 0 0 317 712 184 955 595 0 973 234 0 877 679 728 871 347 23 616 0 0 0 801 220 361 563 854 997 577 377 725 0 126 703 0 68 0 0 744 583 0 149 0 0 102 0 253 0 119 973 513 305 735 244 338 961 986 830 423 79 300 602 0 
710 40 608 0 0 259 897 0 150 706 950 390 10 847 0 889 0 442 560 0 130 831 350 34 781 827 190 0 970 372 0 933 986 517 430 829 0 158 419 0 136 817 0 27 242 30 644 0 234 792 104 866 0 0 438 434 64 687 241 547 684 591 386 387 425 8 208 0 297 528 434 29 0 363 0 499 816 34 611 0 144 913 692 0 936 924 533 0 53 0 0 362 666 703 425 764 286 523 637 855 206 790 0 319 584 76 0 0 421 836 658 583 0 989 352 100 979 640 308 898 96 433 0 0 0 246 118 610 964 108 781 0 580 
214 257 530 0 52 616 434 383 0 672 662 0 327 153 815 43 0 0 341 30 0 740 450 0 652 500 22 0 44 0 916 0 564 0 559 124 607 845 488 135 338 0 326 847 0 962 933 478 243 227 209 0 353 293 67 64 604 693 319 253 784 577 356 377 902 231 0 667 243 159 0 509 0 455 820 396 677 0 46 993 0 557 728 732 0 365 315 507 0 565 0 755 684 102 990 496 777 0 600 599 0 777 747 0 564 0 744 421 0 481 487 0 278 0 0 0 579 797 0 98 330 0 0 464 0 0 824 289 0 877 203 255 0 
793 0 932 0 0 0 0 651 82 599 600 646 642 597 243 631 207 368 348 145 466 411 698 132 892 546 103 0 755 304 380 660 0 861 811 0 0 603 0 0 0 427 0 74 917 0 116 951 701 0 0 380 433 767 73 438 0 0 0 745 0 358 166 699 285 106 498 102 852 603 836 318 801 749 627 485 0 93 0 834 715 0 730 736 786 0 147 452 426 75 0 0 946 0 468 546 267 724 391 0 395 938 535 460 645 892 583 836 481 0 683 0 0 776 108 563 0 163 918 0 731 895 800 860 0 0 683 254 469 0 349 0 518 
452 63 808 76 0 0 803 970 0 669 172 958 701 361 0 0 998 61 723 38 0 287 209 288 0 251 592 883 720 181 932 941 699 906 941 735 607 903 315 430 80 982 583 0 0 829 251 172 0 0 741 0 852 609 0 84 0 0 214 95 0 38 743 924 116 653 742 42 270 484 939 943 359 0 652 0 682 705 172 0 932 402 445 0 196 144 370 244 882 643 29 0 282 924 804 0 241 0 0 803 0 0 0 0 29 25 0 658 487 683 0 0 0 180 471 590 592 0 469 0 248 0 129 118 400 672 377 821 0 488 510 0 297 
675 896 0 316 350 0 888 502 0 0 334 230 131 0 775 0 2 830 273 255 0 530 724 168 394 0 0 426 486 789 0 0 0 786 736 0 111 719 770 852 278 330 345 895 0 769 296 255 812 152 805 46 785 893 0 602 269 699 367 479 0 0 191 993 789 128 458 250 613 282 384 0 30 400 779 0 0 0 329 444 204 0 502 757 0 782 0 855 0 0 655 0 533 0 0 51 552 0 0 0 0 369 87 616 660 761 149 583 0 0 0 0 420 263 250 843 176 744 0 496 0 448 0 173 933 0 0 354 990 0 926 767 306 
167 0 987 465 689 908 8 0 0 0 288 652 0 0 641 62 0 0 0 331 939 0 0 0 277 945 161 573 311 937 688 175 812 0 493 0 787 0 248 434 662 963 537 0 0 0 147 251 242 674 701 24 505 924 612 0 552 0 57 868 0 795 383 180 0 227 244 326 547 795 424 772 0 319 0 941 0 326 0 774 827 958 457 304 123 127 0 612 942 535 843 0 802 952 709 96 0 713 0 559 806 244 92 114 0 0 0 0 278 0 0 420 0 0 978 0 0 0 0 667 986 0 0 970 145 976 0 682 646 973 0 0 0 
549 979 864 1 597 555 629 563 750 95 759 29 0 814 0 1 699 67 0 502 751 809 135 13 0 423 188 96 536 0 0 0 0 807 847 0 581 0 0 665 0 0 63 0 0 695 307 736 440 956 551 770 306 0 107 0 730 107 659 571 0 636 645 0 47 431 388 291 672 871 992 0 277 3 101 545 0 574 949 190 881 129 861 183 693 0 233 819 717 454 392 467 260 688 787 0 896 0 242 92 292 275 0 49 706 0 0 989 0 776 180 263 0 0 861 304 0 158 0 112 277 85 0 0 189 833 262 621 569 62 187 0 0 
385 744 0 912 0 0 207 427 951 846 327 698 0 0 747 232 404 946 0 0 573 286 441 476 43 0 962 113 0 0 140 0 95 0 259 0 271 115 188 910 0 0 127 186 78 0 710 988 241 0 698 26 233 0 277 120 971 632 119 111 0 340 539 0 0 655 312 0 0 0 449 0 583 0 0 654 0 625 0 0 0 755 442 578 288 261 758 348 425 510 181 112 282 0 292 374 0 45 539 294 709 530 0 0 917 409 102 352 0 108 471 250 978 861 0 953 303 180 0 0 0 164 114 233 729 192 784 0 461 0 673 674 832 
450 0 757 125 527 552 435 843 50 250 476 746 956 961 573 0 969 981 231 242 876 744 464 52 0 385 244 844 221 0 912 91 911 548 840 0 535 241 0 978 220 0 528 288 618 326 217 950 0 486 407 969 357 474 787 276 0 309 216 0 0 0 974 306 0 193 90 217 690 408 882 642 666 682 586 871 0 191 530 0 490 478 845 0 925 0 135 371 909 390 4 850 0 507 434 586 0 678 235 535 0 0 634 464 982 942 0 100 0 563 590 843 0 304 953 0 839 160 778 79 198 596 0 10 375 834 503 627 0 993 457 0 719 
0 217 974 654 636 0 42 0 0 842 0 695 0 343 0 848 629 0 0 0 514 941 594 725 95 239 347 379 264 0 840 366 161 913 613 79 822 531 476 0 29 492 65 587 947 408 166 340 353 834 0 0 611 893 574 383 0 911 0 507 69 0 287 9 336 118 0 0 330 179 0 723 148 0 0 0 421 952 788 0 0 0 138 55 0 0 817 0 323 141 101 0 111 298 0 0 202 376 579 383 888 0 886 709 64 219 253 979 579 0 592 176 0 0 303 839 0 515 820 491 849 879 0 0 0 370 97 441 995 651 787 350 25 
928 0 508 828 0 615 0 795 0 0 0 599 511 438 815 0 543 118 74 360 0 0 575 0 0 372 865 0 979 0 410 0 0 649 0 0 32 624 795 485 535 842 643 0 0 248 0 0 633 0 601 0 342 993 0 0 608 669 443 0 161 0 0 0 764 996 867 342 118 0 468 232 927 758 658 311 0 922 112 516 726 114 428 789 0 0 176 537 165 0 398 560 133 0 0 15 0 342 0 791 0 705 0 172 0 268 0 640 797 163 0 744 0 158 180 160 515 0 0 371 0 0 420 0 0 618 0 464 0 763 139 457 296 
204 716 478 0 45 106 520 201 635 0 593 847 341 348 743 0 70 0 479 0 901 735 0 781 0 743 0 467 0 2 0 393 0 0 963 0 0 987 908 714 910 507 941 34 0 0 512 0 938 202 750 558 75 0 752 265 630 34 375 692 342 480 124 0 955 216 356 225 0 0 328 815 868 0 684 184 0 900 817 294 0 688 0 0 143 468 977 0 0 551 0 429 0 159 232 66 0 960 519 0 311 725 901 333 403 0 119 308 0 918 469 0 0 0 0 778 820 0 0 0 688 452 685 937 173 800 497 0 893 365 484 0 326 
20 0 0 0 0 842 623 855 192 703 476 631 7 0 175 331 276 825 849 826 341 982 239 697 622 600 0 999 0 687 950 326 128 821 964 898 0 0 0 34 0 0 952 0 0 0 601 738 842 0 21 414 0 85 292 876 239 32 428 785 903 780 805 0 32 331 0 561 0 178 598 396 551 386 48 303 374 458 0 399 453 0 0 611 850 0 937 392 543 576 408 224 384 456 0 128 204 907 0 50 759 12 994 0 0 927 973 898 98 0 0 496 667 112 0 79 491 371 0 0 823 0 0 61 844 743 0 0 518 257 187 219 0 
408 440 0 0 853 0 248 68 0 0 260 317 829 72 59 156 421 268 187 275 85 41 437 278 264 0 0 247 973 0 997 902 0 355 622 178 0 0 555 578 0 132 933 0 0 0 518 910 226 59 0 0 536 774 0 360 501 141 0 781 795 858 491 519 169 23 464 296 660 0 221 830 0 52 451 43 929 249 465 819 634 718 321 0 0 28 349 0 0 0 184 0 0 0 0 379 0 446 566 174 208 0 0 697 340 0 513 96 330 731 248 0 986 277 0 198 849 0 688 823 0 65 0 392 0 42 687 686 0 825 899 0 13 
682 523 362 0 730 25 119 0 220 0 619 64 439 385 934 804 375 0 301 0 761 732 603 1 873 575 898 0 316 0 626 576 211 592 569 0 657 0 165 593 905 512 482 0 211 41 0 179 0 700 0 496 566 536 8 372 0 13 846 0 866 567 876 0 79 240 717 31 132 0 6 150 473 0 28 382 789 0 0 400 959 914 50 19 24 0 0 75 147 709 761 0 259 0 790 621 948 0 862 0 945 12 249 99 319 653 305 433 0 895 0 448 0 85 164 596 879 0 452 0 65 0 650 872 0 255 54 860 348 471 523 474 654 
211 962 0 0 408 639 340 318 351 851 0 682 0 0 0 184 0 700 0 0 56 0 58 643 0 858 0 725 2 117 277 704 804 0 327 391 879 0 562 917 371 922 599 320 603 575 848 873 148 353 0 42 892 514 253 858 438 0 56 617 0 0 0 0 123 524 0 338 0 567 0 0 340 603 9 642 61 0 927 778 364 85 912 826 0 578 0 995 91 1 896 599 0 0 0 676 48 0 161 0 132 0 875 907 0 743 735 0 0 800 129 0 0 0 114 0 0 420 685 0 0 650 0 759 61 0 80 700 740 0 0 0 917 
59 837 601 337 516 992 174 967 160 0 43 355 291 985 526 0 761 720 683 327 475 997 0 793 972 0 42 33 42 930 513 413 434 0 331 982 550 364 425 3 285 222 0 673 187 400 192 92 414 859 98 624 0 0 0 0 0 0 902 895 614 792 391 102 183 235 0 750 0 894 987 843 805 474 968 647 273 0 721 712 188 980 534 0 110 942 0 66 215 549 926 0 171 54 524 876 0 0 103 986 984 862 0 995 939 656 244 0 464 860 118 173 970 0 233 10 0 0 937 61 392 872 759 0 535 96 58 308 0 703 739 530 38 
613 911 766 404 0 682 513 51 394 386 356 594 2 854 553 895 417 604 411 975 236 358 154 358 0 73 0 369 51 479 701 142 5 0 0 458 620 206 702 0 0 107 702 738 625 426 0 891 760 462 0 615 0 0 29 70 0 0 82 356 0 916 0 94 275 266 256 0 645 0 0 0 843 178 451 0 199 353 0 841 68 0 0 425 0 356 903 525 302 465 0 147 232 401 0 0 0 0 636 213 94 589 430 0 53 460 338 0 0 0 400 933 145 189 729 375 0 0 173 844 0 0 61 535 0 825 749 79 718 263 0 917 0 
219 159 0 490 79 0 423 0 544 441 0 524 842 600 959 351 0 422 5 145 0 0 936 0 841 363 0 459 0 0 330 438 0 671 0 625 940 555 898 611 0 0 961 386 675 901 0 0 660 479 43 886 885 0 820 0 593 231 440 927 61 598 633 40 548 0 595 259 906 337 529 400 34 593 0 983 45 572 787 906 280 702 484 746 844 489 0 0 552 493 58 0 0 806 342 944 0 376 206 98 500 664 0 877 793 0 961 246 0 0 672 0 976 833 192 834 370 618 800 743 42 255 0 96 825 0 705 524 257 58 706 283 338 
0 867 795 888 0 191 337 0 0 675 208 827 0 458 317 657 864 748 0 0 137 633 0 289 883 963 61 780 215 391 0 356 618 585 444 817 0 973 622 392 794 595 0 894 790 972 360 0 0 0 424 217 638 659 0 118 971 342 999 0 541 247 913 0 0 858 60 580 272 106 165 0 0 209 246 404 337 230 901 577 6 906 665 0 590 0 0 181 227 415 761 0 587 619 752 174 98 0 0 588 646 507 0 302 873 0 986 118 824 683 377 0 0 262 784 503 97 0 497 0 687 54 80 58 749 705 0 98 386 130 978 56 0 
434 792 0 224 172 918 495 623 286 808 724 264 366 615 910 132 0 0 678 349 0 719 945 325 776 692 939 999 197 0 533 0 0 637 385 872 0 987 995 281 107 221 419 795 894 450 561 901 137 0 954 753 0 0 484 930 2 0 58 0 498 420 501 699 443 0 147 763 661 0 293 745 29 709 0 0 209 553 851 369 943 213 770 70 709 216 725 624 148 68 590 957 524 0 738 251 523 101 0 0 8 0 491 706 0 771 830 610 289 254 821 354 682 621 0 627 441 464 0 0 686 860 700 308 79 524 98 0 53 98 828 680 340 
546 0 336 0 53 764 672 124 758 873 981 0 951 355 516 639 0 0 806 980 318 0 0 851 722 18 427 0 600 181 762 678 977 530 950 937 508 0 798 380 184 0 0 492 248 369 383 0 365 344 831 386 0 0 548 101 670 957 0 43 555 0 0 345 0 166 572 875 614 495 0 948 409 340 499 660 535 679 223 0 79 480 830 0 115 297 0 892 953 0 401 0 0 566 209 263 852 834 583 148 0 480 43 717 215 14 423 964 0 469 0 990 646 569 461 0 995 0 893 518 0 348 740 0 718 257 386 53 0 243 0 173 241 
619 90 695 0 0 628 664 613 0 0 385 721 696 594 174 0 331 405 0 758 425 757 0 18 786 0 117 0 190 208 0 948 0 777 219 344 521 747 881 732 683 775 876 926 0 0 324 915 0 986 13 0 377 0 962 652 315 90 9 0 353 0 854 0 0 635 284 731 379 344 737 0 0 478 0 0 636 237 0 848 0 546 495 0 498 315 152 171 198 0 124 329 353 639 0 492 49 0 198 874 100 9 787 708 159 462 79 108 877 0 488 0 973 62 0 993 651 763 365 257 825 471 0 703 263 58 130 98 243 0 215 0 0 
83 736 208 704 0 52 928 167 522 555 797 429 258 0 0 549 520 638 237 574 115 757 260 663 0 107 193 723 57 859 279 856 231 166 264 935 120 836 919 934 613 430 446 37 742 0 384 534 347 553 274 0 450 910 0 0 632 0 33 974 876 330 601 894 632 493 15 603 152 0 230 788 583 0 782 805 633 0 0 0 567 792 284 226 334 362 0 310 433 672 399 639 152 913 431 519 792 916 808 514 41 0 661 0 338 160 300 781 203 349 510 926 0 187 673 457 787 139 484 187 899 523 0 739 0 706 978 828 0 215 0 284 0 
0 470 884 223 0 978 783 918 51 976 0 877 39 180 618 457 95 463 7 0 145 539 678 613 760 0 818 511 0 134 43 447 682 996 286 608 749 304 326 0 334 0 730 540 791 337 626 0 0 684 53 723 408 739 672 316 684 349 250 0 0 0 485 519 101 999 506 0 731 699 0 0 325 0 0 0 0 431 150 53 58 0 852 516 440 152 0 0 240 400 864 859 826 983 786 378 164 0 0 0 767 225 0 698 697 788 602 0 255 0 0 767 0 0 674 0 350 457 0 219 0 474 0 530 917 283 56 680 173 0 284 0 145 
335 482 663 32 153 0 352 0 409 153 691 516 0 723 0 985 238 0 721 0 0 115 80 818 277 908 379 317 0 0 946 0 0 985 325 299 0 965 0 850 822 0 239 544 0 162 792 121 0 2 0 886 0 98 263 0 833 767 683 972 521 96 0 0 439 760 0 761 13 14 731 541 261 249 460 369 459 697 0 670 596 127 0 557 763 696 308 979 632 0 527 0 216 437 887 897 221 316 659 0 697 0 637 950 912 510 0 580 0 518 297 306 0 0 832 719 25 296 326 0 13 654 917 38 0 338 0 340 241 0 0 145 0 
