0 118 96 880 569 202 0 119 0 675 395 241 802 906 438 974 77 0 814 858 540 0 181 751 768 565 57 14 840 0 0 939 0 0 237 794 626 0 680 245 856 812 770 144 272 193 41 0 375 278 654 50 388 0 145 779 211 0 587 678 108 756 399 288 370 190 578 0 789 622 799 464 258 304 219 84 466 573 0 980 2 190 423 0 899 0 794 982 113 907 576 193 186 851 545 484 234 443 634 255 825 648 868 0 651 400 233 970 99 0 978 430 0 943 422 512 854 129 426 641 582 804 300 0 88 904 0 758 0 246 456 377 374 0 0 0 0 710 492 823 594 0 851 708 0 0 270 236 0 238 123 246 46 657 0 814 518 0 630 712 612 899 822 981 548 0 514 194 
118 0 0 0 579 291 864 246 539 815 199 694 151 688 0 728 283 603 856 958 708 713 750 878 736 209 0 727 447 0 335 281 0 221 952 764 837 458 359 778 353 957 303 755 14 912 0 29 0 0 434 0 0 897 0 805 0 374 147 945 191 243 364 0 0 473 986 315 578 542 969 0 87 686 0 910 0 8 517 365 932 540 490 0 608 970 486 213 675 959 3 745 622 174 170 939 0 101 0 330 498 57 589 927 674 924 622 80 831 475 733 391 244 930 315 129 672 0 763 906 0 227 787 337 425 0 0 6 123 995 229 780 138 249 0 867 995 526 924 0 849 789 452 0 560 987 0 176 873 45 258 574 282 915 355 158 464 346 648 935 805 606 0 600 101 831 933 0 
96 0 0 60 411 60 296 238 956 0 981 0 424 999 0 833 409 905 696 892 476 0 0 593 0 5 809 0 66 428 254 0 72 811 239 0 384 0 757 48 678 238 0 780 0 0 0 565 539 696 565 346 610 780 0 0 748 820 0 651 842 555 46 871 976 740 786 313 547 0 91 940 284 962 898 0 151 945 0 976 932 927 835 426 454 764 0 586 703 143 768 662 773 0 839 0 443 907 77 140 841 384 230 763 124 954 311 277 749 260 391 35 714 0 392 504 153 913 139 669 943 439 943 782 901 520 949 436 823 146 13 0 593 577 689 0 45 0 0 0 164 185 583 577 318 392 642 0 0 310 608 0 584 945 0 470 815 173 124 672 49 0 317 0 196 552 743 250 
880 0 60 0 155 861 377 496 626 540 716 632 671 762 455 436 49 825 943 814 305 804 915 441 963 0 0 349 617 774 807 0 405 817 718 828 0 129 771 326 48 0 235 845 351 987 0 943 666 504 0 318 103 0 756 439 0 321 0 712 358 0 632 126 176 1 668 0 345 910 0 999 70 0 874 873 725 0 450 200 278 467 865 517 672 23 0 142 125 402 578 0 259 0 0 905 0 0 450 126 864 73 987 287 831 230 780 0 476 684 0 625 0 192 736 885 357 734 352 16 0 329 0 136 633 301 15 102 537 80 0 479 499 992 776 134 0 776 52 0 545 0 664 609 61 0 516 132 430 0 67 911 519 417 588 0 184 0 357 704 817 175 94 642 931 963 0 669 
569 579 411 155 0 752 0 219 0 712 0 366 469 708 29 522 575 435 0 768 944 0 0 137 931 875 290 492 781 226 0 0 0 839 805 850 0 837 311 271 0 642 0 0 592 681 259 373 560 536 679 461 147 283 230 0 192 369 254 782 116 882 775 896 421 534 950 63 440 764 937 136 21 500 210 77 714 0 91 491 641 740 0 0 610 763 0 893 928 0 94 75 0 720 95 266 426 13 462 0 0 281 394 222 977 390 557 782 837 896 939 932 0 0 496 16 320 31 213 0 0 0 573 321 994 0 582 625 26 581 144 921 0 105 0 958 47 0 431 0 0 0 487 266 0 179 660 84 477 99 110 475 126 504 337 489 300 798 0 0 216 325 508 0 928 999 0 0 
202 291 60 861 752 0 394 0 448 0 52 0 345 0 0 629 741 563 447 288 298 285 0 481 520 906 172 284 819 199 525 51 638 630 0 0 0 0 683 912 660 0 134 0 287 84 0 537 0 59 269 0 989 42 339 967 180 0 614 561 271 0 971 665 532 70 0 0 792 0 729 529 0 851 679 910 0 0 235 148 790 84 541 377 0 316 341 40 197 623 0 568 0 311 0 0 790 451 0 70 487 190 743 192 779 0 655 916 342 0 951 814 173 0 366 860 807 0 0 598 0 915 687 0 0 55 72 837 12 0 133 707 700 745 137 139 67 81 0 0 912 395 414 0 284 0 380 988 892 804 408 0 688 527 571 199 0 928 20 497 497 372 349 0 0 47 0 605 
0 864 296 377 0 394 0 0 559 731 886 315 902 567 0 674 578 967 775 871 692 0 728 329 346 381 633 525 0 0 0 259 356 240 957 81 655 718 0 603 0 0 532 961 198 387 292 526 0 0 767 68 783 0 361 0 555 337 795 243 692 0 0 0 594 856 634 104 527 441 0 0 0 492 0 0 899 0 754 320 626 560 769 287 238 459 652 820 173 205 374 991 0 439 693 170 740 0 943 378 776 124 146 655 853 0 578 0 367 497 0 644 994 174 560 487 228 24 783 233 507 0 601 0 554 349 365 490 847 530 47 788 0 0 778 544 288 941 878 867 746 483 214 0 540 284 0 758 0 0 0 786 368 691 72 847 0 509 241 620 0 551 166 987 670 610 799 743 
119 246 238 496 219 0 0 0 280 681 260 697 495 148 749 679 196 207 685 889 842 909 944 785 636 0 642 30 991 0 463 873 0 465 0 0 937 0 981 0 807 0 905 465 0 0 216 57 233 886 243 247 0 762 596 229 0 183 678 0 48 387 496 977 0 514 958 452 989 750 0 777 137 158 413 23 210 954 643 657 527 103 603 0 988 384 0 603 950 179 744 362 385 683 451 65 401 0 0 845 596 262 401 454 0 0 32 212 524 55 918 901 321 130 80 997 0 625 193 589 682 327 0 16 95 388 32 367 0 0 88 231 357 384 323 0 821 988 857 0 0 892 703 0 618 821 479 0 831 415 732 590 770 0 157 0 286 0 895 676 848 548 558 614 99 0 0 204 
0 539 956 626 0 448 559 280 0 318 0 36 590 812 470 134 179 0 677 682 122 943 917 990 0 0 855 0 592 141 930 647 382 0 0 245 0 371 920 0 866 298 798 404 319 239 712 833 918 889 632 592 39 111 147 270 352 0 796 64 322 195 877 608 966 659 156 261 622 75 6 515 0 494 293 671 678 0 855 0 433 0 601 976 0 40 0 731 0 565 616 640 719 0 818 0 132 285 488 598 52 850 818 544 521 619 716 643 78 757 646 79 0 464 507 485 64 343 0 422 0 0 472 750 145 247 1 385 0 108 230 0 462 0 0 536 873 419 25 0 700 330 628 0 739 860 751 687 608 0 588 228 773 0 12 403 739 0 0 12 305 301 438 725 673 967 0 601 
675 815 0 540 712 0 731 681 318 0 0 983 725 898 691 270 0 823 608 222 319 931 111 966 477 958 72 761 608 0 844 461 838 0 380 785 534 0 511 33 146 0 663 653 7 46 0 693 0 492 0 235 53 0 570 610 902 151 578 885 0 835 0 644 386 182 0 954 0 311 0 242 994 262 813 913 0 198 463 777 0 0 454 32 295 872 925 0 72 807 739 29 0 60 588 616 382 452 802 218 727 635 0 0 254 898 0 0 531 0 0 552 600 0 623 74 141 731 965 136 0 0 4 65 691 866 379 627 0 614 926 330 956 858 605 808 603 119 157 0 54 851 307 0 0 0 886 115 0 241 0 0 976 586 86 598 810 0 0 362 808 35 384 0 104 587 0 450 
395 199 981 716 0 52 886 260 0 0 0 0 938 393 0 98 822 0 32 0 293 672 0 323 612 746 44 886 350 0 68 634 743 196 730 0 0 372 0 80 515 357 846 273 631 0 0 253 0 675 395 0 518 627 905 839 0 22 608 450 356 10 52 0 147 0 0 0 0 293 143 0 0 867 461 322 357 406 16 252 831 975 913 159 142 73 268 0 162 489 81 302 192 0 455 66 776 795 0 484 948 246 274 418 97 434 739 0 7 0 472 930 0 205 0 118 597 159 820 387 0 358 139 687 390 0 677 617 167 623 985 0 0 757 455 36 294 250 614 0 429 0 226 0 885 998 0 446 166 69 45 888 0 929 296 0 722 0 0 553 112 0 0 527 228 434 571 0 
241 694 0 632 366 0 315 697 36 983 0 0 521 321 0 231 344 292 544 266 194 190 234 361 964 698 0 312 499 764 869 272 435 782 42 106 523 0 571 608 0 0 0 0 957 606 0 0 0 255 157 325 663 420 347 203 759 500 0 606 193 565 449 369 0 476 0 862 170 340 926 0 404 754 0 16 142 183 0 226 571 0 906 485 0 400 179 538 783 907 0 908 202 93 0 58 855 698 770 813 170 982 0 582 643 246 252 270 864 696 286 338 293 367 566 570 981 705 855 736 687 597 973 502 0 0 399 0 401 251 218 619 271 203 329 97 0 0 295 0 0 17 497 0 30 9 759 229 137 183 943 0 0 596 827 272 101 376 0 835 211 166 0 0 0 0 992 337 
802 151 424 671 469 345 902 495 590 725 938 521 0 256 34 0 665 526 0 0 344 267 381 404 120 211 0 0 502 131 0 477 712 508 888 309 738 334 845 565 751 901 572 513 0 0 0 952 429 430 964 880 996 244 897 725 984 438 440 108 0 926 98 595 823 602 470 0 394 273 357 0 466 336 645 364 0 286 907 594 119 177 0 925 706 0 418 676 943 666 146 373 0 0 925 0 177 0 129 479 0 0 631 0 865 297 0 737 874 0 876 242 214 985 16 0 0 87 0 620 604 353 256 374 528 0 748 391 992 657 774 674 586 577 225 855 0 746 0 931 544 445 763 807 352 0 0 931 0 722 453 683 0 956 746 0 450 0 0 0 71 0 189 311 0 298 653 0 
906 688 999 762 708 0 567 148 812 898 393 321 256 0 157 736 0 602 111 0 173 43 484 26 0 848 312 0 0 0 156 992 944 0 0 604 528 448 0 847 0 984 358 559 2 0 0 161 63 745 1 645 0 353 229 946 327 0 0 0 0 0 749 987 0 9 151 930 401 0 0 478 0 826 619 98 5 0 924 377 69 500 569 0 71 364 908 0 275 355 434 0 0 1 826 569 571 450 308 82 640 671 168 124 359 734 779 738 559 238 0 132 479 120 560 333 493 3 0 683 873 962 454 192 323 844 585 0 558 0 999 943 0 199 435 867 0 0 968 0 0 770 807 696 0 837 0 104 895 460 0 794 940 690 810 0 0 515 0 591 493 542 0 917 290 397 330 606 
438 0 0 455 29 0 0 749 470 691 0 0 34 157 0 215 935 707 100 18 405 691 644 508 81 245 0 0 673 124 984 476 0 0 208 251 926 0 651 659 492 835 514 964 567 535 0 156 346 158 111 0 964 178 500 704 407 26 663 44 841 266 991 217 674 634 580 385 0 652 0 928 87 784 387 333 621 743 423 656 731 0 179 791 233 589 772 0 116 340 29 787 783 952 776 482 0 716 665 760 152 552 0 99 924 21 510 405 230 609 714 403 4 344 767 188 370 101 0 0 404 836 258 190 114 0 591 786 461 281 195 0 743 0 0 333 326 411 652 531 0 514 633 684 477 130 748 8 288 612 938 0 666 288 0 705 0 828 676 213 0 278 118 670 666 457 251 0 
974 728 833 436 522 629 674 679 134 270 98 231 0 736 215 0 129 263 0 784 422 0 667 565 142 585 707 5 671 251 64 305 896 0 694 839 369 869 59 858 359 0 198 806 947 0 397 409 934 0 0 824 948 163 562 0 797 574 394 717 514 256 164 959 609 428 518 151 553 3 178 370 875 597 0 0 0 0 0 283 600 189 0 367 0 0 170 984 878 246 100 228 0 876 178 342 23 870 675 497 0 0 479 887 753 241 0 707 791 0 137 714 114 404 0 788 119 881 0 925 750 104 450 0 0 0 0 393 926 0 0 0 103 979 764 0 0 410 556 393 534 311 20 310 0 0 199 371 0 0 0 292 649 660 855 481 609 816 265 495 542 0 696 707 416 0 85 0 
77 283 409 49 575 741 578 196 179 0 822 344 665 0 935 129 0 185 0 337 492 770 492 0 366 0 172 0 230 0 971 747 617 0 848 864 233 0 727 170 0 935 232 838 642 553 299 740 0 329 0 0 876 48 253 523 970 29 846 777 902 321 946 401 0 672 0 124 653 0 298 383 0 947 630 0 647 648 0 343 759 644 0 532 0 0 0 0 378 583 435 0 0 0 115 0 604 0 372 95 770 498 203 894 296 25 547 810 607 749 0 935 347 80 552 914 0 0 0 449 864 563 987 187 179 253 0 541 0 121 0 0 242 91 164 654 154 203 0 771 0 317 282 257 261 720 466 416 852 0 653 628 944 337 575 0 891 57 0 538 234 96 416 0 0 506 375 493 
0 603 905 825 435 563 967 207 0 823 0 292 526 602 707 263 185 0 757 0 0 398 591 494 474 54 237 692 929 0 692 800 488 279 777 912 0 0 948 756 333 563 153 0 0 711 0 83 768 822 10 749 0 733 925 715 0 420 820 523 775 279 211 133 450 400 306 560 181 170 796 695 0 0 413 227 0 265 623 13 740 0 0 412 897 437 184 548 697 762 804 523 469 383 521 537 0 92 546 900 0 334 573 508 786 209 921 335 0 516 505 284 465 242 730 737 262 0 682 485 0 375 30 524 950 113 561 841 168 472 0 930 317 48 911 90 951 717 996 953 741 0 0 133 11 12 987 919 243 904 0 787 393 469 0 278 67 0 674 77 0 0 888 382 720 156 0 84 
814 856 696 943 0 447 775 685 677 608 32 544 0 111 100 0 0 757 0 97 964 0 828 178 71 639 300 0 0 346 345 318 620 636 534 963 392 0 138 507 970 328 703 571 237 536 190 828 0 245 0 0 0 670 478 627 225 0 0 0 679 448 0 480 429 0 286 0 218 755 211 257 421 967 208 0 544 0 0 933 353 0 0 592 44 0 852 36 949 0 56 633 691 0 173 664 0 0 203 129 753 269 95 126 429 105 785 0 723 742 746 546 185 0 0 617 353 961 872 295 550 938 980 877 435 948 0 956 403 0 965 0 0 266 562 621 990 760 0 408 497 821 159 615 0 0 74 502 0 466 60 948 955 126 0 283 503 775 0 93 0 188 804 884 108 0 987 101 
858 958 892 814 768 288 871 889 682 222 0 266 0 0 18 784 337 0 97 0 95 280 797 255 669 124 0 588 87 348 147 428 0 242 779 975 257 609 0 676 647 983 0 0 231 142 856 130 0 587 0 0 759 493 124 0 956 298 901 0 546 940 595 490 0 0 0 230 823 138 296 175 183 535 546 37 862 80 724 0 225 720 26 955 0 860 926 0 633 870 798 247 851 961 139 249 922 0 567 325 0 0 436 104 0 135 223 281 0 87 381 0 0 0 42 438 851 640 544 176 531 872 0 282 289 277 537 0 272 192 327 643 142 884 878 706 0 370 856 908 78 113 805 188 271 0 894 0 477 673 973 411 437 20 561 957 0 282 0 813 603 19 380 478 0 681 310 347 
540 708 476 305 944 298 692 842 122 319 293 194 344 173 405 422 492 0 964 95 0 140 262 0 712 845 676 293 640 252 26 302 33 426 301 0 702 0 0 500 713 645 250 324 207 133 0 448 387 904 941 998 135 901 0 343 413 585 833 988 82 755 771 120 395 999 0 470 416 0 915 0 200 0 0 719 634 366 456 0 431 0 549 43 870 482 955 346 607 899 222 232 131 55 671 291 0 45 725 0 458 0 0 0 7 104 559 865 0 200 649 0 614 994 0 388 207 178 442 0 284 0 0 0 947 0 984 0 340 677 979 654 643 202 0 510 539 495 86 44 176 833 619 434 585 492 134 318 112 215 820 109 875 0 929 809 757 730 0 951 90 315 0 455 0 949 340 899 
0 713 0 804 0 285 0 909 943 931 672 190 267 43 691 0 770 398 0 280 140 0 675 0 189 0 203 788 0 0 604 343 0 156 589 279 546 647 467 379 526 345 331 928 45 470 960 683 367 792 467 488 564 354 557 565 0 11 840 0 800 0 218 183 807 532 0 784 235 278 0 0 581 114 819 333 330 534 940 0 320 51 0 114 0 862 0 883 700 833 36 65 257 137 0 551 409 823 733 0 27 0 0 0 246 459 879 48 18 485 975 74 17 0 954 0 297 110 0 4 743 0 27 0 886 0 0 266 0 0 437 0 484 0 576 912 843 277 0 0 271 1 134 303 333 0 0 51 0 682 782 0 344 675 609 984 137 299 0 0 0 283 401 783 0 53 546 293 
181 750 0 915 0 0 728 944 917 111 0 234 381 484 644 667 492 591 828 797 262 675 0 237 0 0 98 0 776 164 859 368 827 0 803 0 354 527 900 60 602 948 56 0 118 572 466 432 0 994 0 976 919 893 288 0 728 734 0 675 0 633 0 325 987 325 234 0 0 707 0 576 39 0 812 0 0 86 896 299 561 426 0 874 922 849 212 295 0 214 566 403 0 229 980 155 0 0 256 89 68 70 68 903 0 0 604 0 748 546 509 309 766 510 856 420 790 865 804 891 0 856 926 0 363 902 0 103 666 718 0 247 0 0 356 367 301 0 114 441 446 584 299 0 850 56 809 676 570 733 808 235 0 0 0 85 115 0 636 0 0 537 0 121 747 0 725 572 
751 878 593 441 137 481 329 785 990 966 323 361 404 26 508 565 0 494 178 255 0 0 237 0 456 264 0 527 243 303 196 871 0 110 612 0 540 0 525 516 19 128 0 956 534 316 851 319 989 430 938 0 709 743 61 143 0 189 956 427 854 86 647 721 593 21 591 271 0 0 348 564 0 0 0 0 644 92 548 532 972 510 0 0 0 650 520 344 253 0 31 611 812 664 980 0 710 518 452 649 364 304 413 635 378 593 106 721 313 748 962 0 0 0 495 499 89 0 786 612 638 0 0 226 0 364 446 935 0 518 723 616 0 884 316 697 981 68 841 853 0 181 299 0 713 174 850 401 3 0 0 769 128 568 930 717 192 0 880 326 652 229 107 714 0 42 0 917 
768 736 0 963 931 520 346 636 0 477 612 964 120 0 81 142 366 474 71 669 712 189 0 456 0 0 0 401 719 43 261 447 407 0 613 928 46 13 583 245 276 700 471 730 359 0 269 0 371 229 905 577 380 905 974 523 63 0 641 898 658 801 323 0 0 469 356 0 0 993 822 0 214 649 839 526 9 0 794 137 199 795 913 743 895 0 0 15 216 795 477 0 0 238 844 0 540 727 250 10 306 556 0 291 13 627 155 80 493 0 0 471 132 72 944 0 76 639 176 591 0 0 0 0 0 836 952 890 18 0 58 97 893 107 335 582 0 130 0 311 0 4 470 0 603 102 883 166 330 14 97 93 489 0 205 461 704 0 456 8 0 873 596 426 114 128 173 0 
565 209 5 0 875 906 381 0 0 958 746 698 211 848 245 585 0 54 639 124 845 0 0 264 0 0 0 203 0 407 348 221 951 236 666 0 0 92 152 0 334 734 763 707 123 620 0 909 407 235 439 0 445 651 0 361 0 803 633 0 365 833 422 920 94 0 36 0 0 115 490 0 897 511 373 399 0 0 0 554 463 884 317 167 910 369 622 351 298 1 200 567 0 125 531 0 611 144 746 638 416 616 62 19 482 232 803 932 0 809 650 947 30 523 195 38 533 826 784 938 360 0 227 203 687 522 0 437 594 126 993 12 0 870 0 885 410 0 421 0 0 420 939 0 0 397 0 0 973 0 0 732 541 0 619 715 0 388 239 328 822 691 0 0 921 730 0 0 
57 0 809 0 290 172 633 642 855 72 44 0 0 312 0 707 172 237 300 0 676 203 98 0 0 0 0 277 932 504 0 802 965 0 831 623 0 640 0 0 0 277 201 429 0 915 164 999 399 0 422 266 281 95 96 710 642 651 993 483 936 504 0 749 0 477 502 532 0 0 311 0 836 951 309 0 405 504 538 164 515 131 0 204 78 317 959 156 81 705 368 0 7 304 222 445 570 126 81 827 8 286 631 710 405 624 811 0 378 761 501 0 935 467 881 0 131 573 985 184 55 70 489 607 0 61 562 966 211 26 688 60 0 333 925 256 613 453 927 0 0 445 708 673 457 333 100 282 431 916 732 836 820 0 359 316 0 395 706 0 270 770 0 872 0 602 691 612 
14 727 0 349 492 284 525 30 0 761 886 312 0 0 0 5 0 692 0 588 293 788 0 527 401 203 277 0 411 422 654 543 0 720 317 173 0 467 0 923 181 119 0 0 872 5 0 0 953 0 22 0 998 691 805 0 946 15 648 603 195 188 914 302 140 203 0 375 0 201 604 33 199 303 380 539 369 134 985 902 443 333 0 15 207 425 563 0 124 686 357 681 46 73 0 0 141 907 716 0 0 426 143 317 73 5 926 0 0 878 27 209 0 0 105 538 160 0 904 572 77 0 964 467 609 444 632 926 856 0 803 855 620 289 93 176 684 631 0 665 134 801 0 0 402 3 507 622 465 282 789 674 0 933 828 304 359 0 0 0 0 336 910 332 882 744 930 51 
840 447 66 617 781 819 0 991 592 608 350 499 502 0 673 671 230 929 0 87 640 0 776 243 719 0 932 411 0 958 248 0 114 598 920 0 237 0 139 9 190 0 88 321 635 417 659 603 0 724 569 881 739 52 445 242 733 87 864 420 241 522 0 859 263 23 0 0 409 893 630 294 0 963 725 0 990 725 93 630 749 630 274 362 536 817 979 346 68 782 20 890 0 21 233 721 105 78 597 0 0 183 0 185 768 0 341 0 56 328 732 0 668 955 661 0 887 479 445 0 653 863 674 459 0 0 104 428 253 307 708 276 700 274 90 0 589 752 0 834 281 0 157 498 23 87 202 484 163 733 132 813 482 949 578 773 0 278 0 855 0 343 127 940 0 858 699 293 
0 0 428 774 226 199 0 0 141 0 0 764 131 0 124 251 0 0 346 348 252 0 164 303 43 407 504 422 958 0 947 757 0 732 869 314 542 464 0 690 0 0 687 502 0 989 535 0 52 0 570 0 933 609 133 735 672 64 505 676 568 0 618 43 304 164 195 749 221 200 0 634 0 0 848 646 33 941 165 0 119 0 795 0 654 972 446 747 82 556 2 698 0 418 984 386 375 109 602 0 0 251 540 520 237 343 0 299 850 0 271 972 378 0 698 0 0 0 671 466 769 0 369 258 452 296 929 953 0 626 367 696 0 538 0 809 29 836 984 811 925 898 126 802 0 605 307 0 622 0 0 269 0 770 0 566 124 172 10 146 413 728 347 565 79 0 719 34 
0 335 254 807 0 525 0 463 930 844 68 869 0 156 984 64 971 692 345 147 26 604 859 196 261 348 0 654 248 947 0 767 301 347 0 294 133 0 328 968 895 943 93 0 926 375 0 255 831 0 0 0 588 116 993 0 558 570 44 889 36 0 0 863 942 370 52 519 0 860 0 344 0 0 727 0 893 541 958 319 642 367 305 740 644 203 36 701 589 0 0 932 372 30 646 0 0 945 0 457 0 0 547 379 470 334 0 769 0 181 0 33 171 0 0 0 507 713 216 73 358 411 995 249 0 998 0 0 116 0 103 0 619 0 361 86 105 921 325 0 380 0 460 349 903 901 805 682 536 0 0 24 775 99 152 764 427 812 0 0 273 753 466 0 0 184 582 417 
939 281 0 0 0 51 259 873 647 461 634 272 477 992 476 305 747 800 318 428 302 343 368 871 447 221 802 543 0 757 767 0 338 742 872 932 278 0 582 769 862 87 413 177 948 555 455 175 228 0 0 148 561 0 0 112 0 194 477 251 659 442 118 153 0 931 133 248 576 288 0 844 0 482 117 899 530 460 52 15 0 571 35 0 981 0 416 684 422 849 735 672 0 360 787 379 445 742 985 606 133 0 590 103 365 671 672 692 253 0 291 374 131 0 466 641 0 172 101 0 0 229 0 259 565 560 0 0 0 712 280 0 84 122 548 774 354 456 234 437 114 33 595 0 48 850 0 0 0 523 0 286 832 561 459 0 65 486 0 14 48 503 131 500 13 681 387 962 
0 0 72 405 0 638 356 0 382 838 743 435 712 944 0 896 617 488 620 0 33 0 827 0 407 951 965 0 114 0 301 338 0 821 770 874 516 0 0 212 682 883 0 549 740 0 766 871 0 845 0 189 891 788 245 995 490 384 375 865 758 999 28 335 983 459 797 0 513 830 123 908 0 627 264 344 67 313 845 723 608 229 589 898 153 564 446 823 226 928 0 905 171 327 373 778 836 0 0 0 840 345 498 936 13 878 783 259 969 521 0 9 918 772 644 45 239 0 417 886 545 222 667 367 129 38 36 563 798 260 0 0 0 158 28 578 0 58 644 252 598 772 408 637 287 0 0 381 290 184 284 0 31 517 0 96 0 586 0 0 766 166 422 943 171 579 224 170 
0 221 811 817 839 630 240 465 0 0 196 782 508 0 0 0 0 279 636 242 426 156 0 110 0 236 0 720 598 732 347 742 821 0 142 223 0 96 411 104 890 396 945 0 198 405 562 543 496 220 224 724 948 0 127 346 993 406 0 322 539 972 303 262 111 622 0 492 634 591 429 359 653 989 718 898 0 0 886 876 669 952 14 0 0 156 189 26 0 0 0 175 0 755 722 977 0 213 0 857 952 0 570 0 0 747 511 280 0 532 162 546 651 956 0 640 0 474 2 715 768 839 887 277 287 641 558 0 849 0 778 502 713 373 910 634 0 883 0 255 363 769 2 76 0 59 482 884 732 0 0 801 17 873 100 480 272 202 0 0 995 725 344 515 812 206 655 272 
237 952 239 718 805 0 957 0 0 380 730 42 888 0 208 694 848 777 534 779 301 589 803 612 613 666 831 317 920 869 0 872 770 142 0 927 73 189 602 0 827 413 643 17 346 486 665 310 684 0 725 0 791 944 0 0 0 0 0 178 0 711 0 0 30 324 0 607 413 420 131 384 696 0 822 962 380 0 302 75 253 0 234 996 862 0 0 283 0 0 0 309 361 393 0 0 326 30 372 19 618 934 271 975 766 201 117 599 935 633 0 841 0 899 162 347 491 332 0 203 642 509 0 17 471 205 388 857 0 94 301 80 0 962 403 595 209 681 734 719 0 0 0 588 543 784 885 45 925 165 626 890 102 475 0 19 583 77 977 188 808 205 547 211 104 113 997 0 
794 764 0 828 850 0 81 0 245 785 0 106 309 604 251 839 864 912 963 975 0 279 0 0 928 0 623 173 0 314 294 932 874 223 927 0 814 384 0 77 144 147 543 0 632 670 0 983 9 680 457 42 712 0 495 128 883 45 277 924 345 0 492 368 0 0 930 656 0 35 319 201 762 0 410 705 0 747 764 784 82 551 726 326 0 916 464 772 361 543 215 951 497 292 417 0 378 219 800 668 0 403 0 0 0 760 305 38 665 389 313 250 19 0 680 779 900 156 493 0 894 379 298 109 588 210 306 829 281 0 191 13 0 392 858 934 376 41 791 0 18 124 577 913 395 80 759 441 0 295 182 904 536 0 840 0 310 690 777 837 541 0 0 395 846 489 865 204 
626 837 384 0 0 0 655 937 0 534 0 523 738 528 926 369 233 0 392 257 702 546 354 540 46 0 0 0 237 542 133 278 516 0 73 814 0 0 301 0 589 419 336 188 579 922 0 584 862 70 17 0 0 667 93 0 0 556 759 414 298 274 0 181 0 0 492 0 300 602 275 334 812 245 0 0 133 863 639 0 0 564 109 221 492 0 646 501 335 396 873 0 0 684 754 189 0 0 617 0 216 756 625 238 916 991 200 388 744 0 557 346 80 892 0 538 0 0 0 762 815 644 800 0 0 39 194 421 752 798 705 203 0 897 591 645 0 462 58 847 900 61 624 0 894 326 473 0 0 0 573 229 316 600 519 136 0 301 881 0 515 260 382 0 975 54 703 0 
0 458 0 129 837 0 718 0 371 0 372 0 334 448 0 869 0 0 0 609 0 647 527 0 13 92 640 467 0 464 0 0 0 96 189 384 0 0 784 445 590 21 938 908 465 201 717 0 0 0 479 749 0 483 0 0 0 461 845 65 0 479 114 421 981 0 984 0 0 0 885 596 88 310 478 214 91 982 542 0 284 673 712 105 445 0 828 778 0 523 554 0 0 281 0 970 638 54 377 805 464 0 195 260 935 294 87 714 219 0 986 498 290 307 433 219 905 675 257 0 0 549 958 702 220 814 464 382 0 161 703 383 633 587 0 666 314 0 0 0 478 840 686 13 669 101 3 358 0 761 842 383 826 4 0 0 434 80 570 498 0 561 0 839 836 44 701 776 
680 359 757 771 311 683 0 981 920 511 0 571 845 0 651 59 727 948 138 0 0 467 900 525 583 152 0 0 139 0 328 582 0 411 602 0 301 784 0 0 907 528 442 681 781 981 108 201 46 0 0 32 333 282 699 0 2 246 0 0 0 649 0 115 243 58 768 335 0 828 0 755 0 563 634 323 869 242 231 459 0 214 0 0 605 122 460 389 148 149 0 48 180 360 405 511 144 149 851 500 55 830 41 503 0 50 56 0 687 709 169 919 0 391 422 180 18 0 649 64 124 552 106 0 0 0 455 450 194 122 157 0 0 694 0 94 441 0 441 269 421 969 828 0 298 939 270 0 0 0 279 846 0 261 631 235 234 0 849 751 0 125 982 0 357 705 0 0 
245 778 48 326 271 912 603 0 0 33 80 608 565 847 659 858 170 756 507 676 500 379 60 516 245 0 0 923 9 690 968 769 212 104 0 77 0 445 0 0 164 687 538 464 427 827 913 557 0 728 540 0 0 590 873 154 915 894 437 222 0 65 681 574 543 320 344 382 0 112 406 957 963 530 467 0 790 94 0 0 32 0 689 524 97 521 438 0 0 354 378 347 44 0 342 630 801 0 678 47 265 983 875 0 363 0 702 714 669 0 699 0 561 566 0 397 0 610 55 0 316 0 588 970 418 847 264 291 34 0 402 468 805 129 972 355 0 479 773 0 993 29 0 0 417 0 56 872 355 672 976 636 602 0 388 749 0 486 304 997 0 424 129 421 776 811 0 668 
856 353 678 48 0 660 0 807 866 146 515 0 751 0 492 359 0 333 970 647 713 526 602 19 276 334 0 181 190 0 895 862 682 890 827 144 589 590 907 164 0 446 0 589 313 389 0 568 442 219 391 29 547 843 37 391 599 0 0 0 788 434 160 32 0 792 520 930 0 352 290 0 440 733 201 290 0 0 794 717 329 196 0 898 587 30 663 0 318 125 195 95 20 267 222 466 0 921 0 2 537 483 930 536 540 794 844 776 254 940 565 417 557 191 241 228 697 0 553 488 0 480 0 691 0 193 214 784 528 0 362 838 156 626 0 338 11 890 0 409 586 679 64 509 0 0 88 0 521 0 747 953 239 254 525 684 0 745 518 544 462 643 923 439 761 924 527 0 
812 957 238 0 642 0 0 0 298 0 357 0 901 984 835 0 935 563 328 983 645 345 948 128 700 734 277 119 0 0 943 87 883 396 413 147 419 21 528 687 446 0 277 589 656 801 327 218 248 146 0 339 362 849 260 979 289 354 700 0 739 890 787 427 0 647 0 274 195 364 272 745 0 651 400 0 32 308 498 0 69 377 473 766 0 295 448 0 0 0 512 832 946 0 987 492 215 0 296 95 512 299 698 913 835 434 0 474 840 559 0 0 953 0 0 470 26 981 0 877 464 668 516 906 0 455 190 80 235 266 413 0 0 798 0 0 531 116 672 247 501 0 765 609 0 0 128 168 45 348 746 741 747 0 914 587 532 765 57 969 0 0 0 493 784 433 759 282 
770 303 0 235 0 134 532 905 798 663 846 0 572 358 514 198 232 153 703 0 250 331 56 0 471 763 201 0 88 687 93 413 0 945 643 543 336 938 442 538 0 277 0 0 336 456 14 524 0 272 0 0 361 290 617 195 624 748 564 125 756 433 546 138 67 423 0 27 758 312 0 0 421 365 563 2 942 0 151 25 0 0 123 886 988 88 0 821 785 891 0 332 448 825 642 905 43 0 0 159 469 743 508 0 0 0 158 200 468 0 662 492 248 198 0 0 321 560 790 331 340 852 383 0 10 0 425 0 0 0 677 929 600 0 657 259 976 0 432 477 449 0 111 0 65 308 0 47 578 686 0 984 565 649 161 838 82 323 613 351 65 0 163 232 299 385 207 597 
144 755 780 845 0 0 961 465 404 653 273 0 513 559 964 806 838 0 571 0 324 928 0 956 730 707 429 0 321 502 0 177 549 0 17 0 188 908 681 464 589 589 0 0 852 830 442 590 713 0 844 282 452 231 335 425 157 0 0 982 69 290 146 434 0 634 956 559 0 33 86 571 456 752 884 527 0 0 733 0 392 857 0 0 0 189 672 0 331 359 337 890 594 0 381 176 473 801 481 501 674 60 675 0 641 557 0 758 0 814 971 809 0 620 795 210 102 507 324 583 933 0 0 736 0 0 0 333 0 0 4 686 691 849 785 565 371 0 0 559 484 364 237 584 484 368 471 824 46 67 344 86 813 0 595 749 601 0 0 0 504 0 178 0 798 494 89 854 
272 14 0 351 592 287 198 0 319 7 631 957 0 2 567 947 642 0 237 231 207 45 118 534 359 123 0 872 635 0 926 948 740 198 346 632 579 465 781 427 313 656 336 852 0 534 67 547 0 546 97 0 947 903 465 32 63 925 0 600 0 984 978 374 136 746 33 525 643 0 5 515 308 260 379 718 45 0 412 0 445 604 55 0 346 6 129 974 888 570 341 726 429 506 203 832 593 722 151 250 336 0 654 346 0 158 77 716 782 197 309 0 962 0 592 836 0 959 241 0 0 637 854 0 356 51 226 673 529 302 0 618 0 31 522 0 354 382 92 933 0 420 0 455 528 588 300 780 55 581 0 746 172 655 43 130 296 554 351 0 151 0 0 497 0 360 309 855 
193 912 0 987 681 84 387 0 239 46 0 606 0 0 535 0 553 711 536 142 133 470 572 316 0 620 915 5 417 989 375 555 0 405 486 670 922 201 981 827 389 801 456 830 534 0 0 454 683 0 420 711 649 351 649 0 309 379 11 831 0 429 990 995 244 873 0 33 469 0 970 831 0 907 687 665 333 467 240 0 0 106 605 126 778 447 0 599 758 168 24 0 577 197 724 714 548 426 276 726 899 590 305 461 134 218 0 548 0 472 125 301 0 286 396 0 789 529 855 942 543 0 186 0 0 0 917 256 0 0 615 107 850 0 0 0 775 0 0 447 150 149 0 912 938 699 120 716 290 45 109 0 0 3 543 95 29 110 911 97 201 714 0 280 919 5 0 834 
41 0 0 0 259 0 292 216 712 0 0 0 0 0 0 397 299 0 190 856 0 960 466 851 269 0 164 0 659 535 0 455 766 562 665 0 0 717 108 913 0 327 14 442 67 0 0 50 767 393 0 555 518 327 14 183 0 0 648 811 0 89 892 480 817 801 884 304 502 507 0 0 0 139 329 436 0 0 386 0 456 128 624 506 889 188 980 705 0 54 466 940 465 804 934 970 883 953 880 703 284 840 605 0 617 543 145 863 811 0 0 0 762 17 0 883 804 727 389 370 0 0 657 248 811 320 362 474 347 816 93 0 928 396 766 371 512 365 0 211 740 610 537 197 761 141 647 0 527 522 0 0 183 279 0 724 99 418 59 0 176 974 0 70 287 166 526 19 
0 29 565 943 373 537 526 57 833 693 253 0 952 161 156 409 740 83 828 130 448 683 432 319 0 909 999 0 603 0 255 175 871 543 310 983 584 0 201 557 568 218 524 590 547 454 50 0 429 599 575 169 927 784 868 0 714 228 892 440 355 73 133 169 140 0 326 135 979 637 325 21 368 442 469 741 700 0 844 94 393 338 0 672 0 674 474 231 0 726 146 232 0 890 0 858 511 846 0 474 0 203 0 681 0 0 0 55 510 829 0 14 0 520 293 530 454 81 775 654 23 282 852 357 635 0 7 766 114 949 806 701 0 21 388 569 607 153 977 0 0 366 761 0 0 549 483 408 674 521 287 525 794 57 439 122 59 0 0 0 712 0 660 194 537 338 952 86 
375 0 539 666 560 0 0 233 918 0 0 0 429 63 346 934 0 768 0 0 387 367 0 989 371 407 399 953 0 52 831 228 0 496 684 9 862 0 46 0 442 248 0 713 0 683 767 429 0 265 0 960 432 9 949 378 976 960 96 0 0 288 885 20 0 108 0 0 696 257 0 251 0 265 815 0 780 505 0 329 758 0 387 608 463 928 0 341 735 325 982 106 410 107 0 0 762 0 892 731 897 0 884 771 884 607 0 972 564 694 578 266 0 0 873 609 727 488 356 0 0 561 271 585 0 622 921 0 527 242 336 491 218 0 423 184 0 0 330 832 140 0 0 768 853 0 471 0 562 0 129 673 690 273 0 590 740 722 591 0 136 0 323 799 975 66 0 0 
278 0 696 504 536 59 0 886 889 492 675 255 430 745 158 0 329 822 245 587 904 792 994 430 229 235 0 0 724 0 0 0 845 220 0 680 70 0 0 728 219 146 272 0 546 0 393 599 265 0 864 741 967 207 0 956 937 704 68 897 389 836 825 255 905 0 193 927 205 977 406 699 952 128 736 138 333 808 973 0 0 944 0 574 75 594 533 617 72 852 940 331 675 686 943 0 14 0 0 0 787 496 89 987 998 887 0 665 354 926 743 928 344 25 588 832 63 693 326 0 0 127 719 630 337 974 890 330 938 34 175 806 0 124 21 484 114 13 0 269 924 79 962 733 434 825 0 415 0 95 968 12 189 956 561 876 803 710 262 602 276 0 958 935 69 751 0 0 
654 434 565 0 679 269 767 243 632 0 395 157 964 1 111 0 0 10 0 0 941 467 0 938 905 439 422 22 569 570 0 0 0 224 725 457 17 479 0 540 391 0 0 844 97 420 0 575 0 864 0 0 0 243 901 103 542 0 819 695 122 547 971 294 330 257 598 0 0 720 0 511 883 492 707 616 189 675 0 920 615 335 912 850 978 0 0 109 799 0 123 648 0 956 746 855 237 0 367 175 129 620 665 79 396 619 197 744 724 531 283 0 0 861 39 555 810 284 22 486 0 4 658 984 865 0 246 885 119 823 9 37 0 0 574 562 254 142 881 972 440 231 753 64 264 0 104 137 33 0 731 0 545 986 969 0 528 0 378 644 0 0 685 520 710 244 853 284 
50 0 346 318 461 0 68 247 592 235 0 325 880 645 0 824 0 749 0 0 998 488 976 0 577 0 266 0 881 0 0 148 189 724 0 42 0 749 32 0 29 339 0 282 0 711 555 169 960 741 0 0 459 0 903 843 679 490 756 305 991 0 583 205 713 152 625 0 840 654 31 391 998 998 0 660 631 306 753 681 533 238 763 0 66 514 0 682 111 0 701 890 814 71 0 0 6 675 0 73 0 22 408 220 415 265 0 284 495 233 562 5 764 0 336 0 115 385 49 0 139 225 447 0 326 0 906 0 238 443 906 852 782 0 537 329 478 999 80 93 628 0 0 0 613 196 939 312 786 0 431 0 0 0 0 923 263 734 648 558 258 583 0 0 24 730 485 467 
388 0 610 103 147 989 783 0 39 53 518 663 996 0 964 948 876 0 0 759 135 564 919 709 380 445 281 998 739 933 588 561 891 948 791 712 0 0 333 0 547 362 361 452 947 649 518 927 432 967 0 459 0 0 662 0 669 604 599 906 744 304 693 52 0 971 618 888 134 95 685 120 419 950 413 77 946 472 604 484 437 370 0 868 161 293 370 838 870 0 59 4 96 504 420 2 69 455 921 0 25 580 562 546 974 139 0 0 0 0 0 463 356 84 486 699 238 834 915 150 853 4 460 692 43 0 779 863 962 498 0 0 559 534 70 830 0 63 0 513 0 987 722 207 468 747 0 920 0 855 0 0 844 908 715 680 439 89 0 0 695 885 283 667 48 758 213 292 
0 897 780 0 283 42 0 762 111 0 627 420 244 353 178 163 48 733 670 493 901 354 893 743 905 651 95 691 52 609 116 0 788 0 944 0 667 483 282 590 843 849 290 231 903 351 327 784 9 207 243 0 0 0 349 0 344 28 215 561 338 211 996 726 0 261 0 530 435 156 0 32 783 0 701 649 204 516 164 353 387 867 281 0 0 122 531 147 665 636 0 944 209 0 880 0 47 874 955 0 0 0 247 0 828 0 941 435 855 320 435 354 588 665 478 273 151 829 939 241 324 838 1 867 80 798 238 689 896 641 0 241 621 87 0 850 781 283 149 78 904 449 0 412 33 389 674 210 785 0 670 712 13 0 721 323 478 0 57 447 945 384 101 828 8 679 346 845 
145 0 0 756 230 339 361 596 147 570 905 347 897 229 500 562 253 925 478 124 0 557 288 61 974 0 96 805 445 133 993 0 245 127 0 495 93 0 699 873 37 260 617 335 465 649 14 868 949 0 901 903 662 349 0 0 6 241 941 686 931 511 140 137 813 688 455 423 969 248 0 265 0 0 881 944 644 0 0 617 46 86 813 329 971 481 883 816 397 533 237 86 418 993 425 715 0 0 0 160 409 596 734 0 0 628 692 625 0 513 466 48 0 669 0 800 823 564 869 0 541 566 0 546 0 526 177 877 0 971 188 972 97 986 0 320 0 0 0 0 735 515 398 688 74 0 508 611 0 335 928 0 515 791 304 0 321 277 763 0 790 0 710 394 0 0 104 149 
779 805 0 439 0 967 0 229 270 610 839 203 725 946 704 0 523 715 627 0 343 565 0 143 523 361 710 0 242 735 0 112 995 346 0 128 0 0 0 154 391 979 195 425 32 0 183 0 378 956 103 843 0 0 0 0 934 337 537 0 0 711 474 282 919 247 0 0 516 9 275 0 0 286 0 0 111 645 82 318 165 270 0 86 620 381 63 5 250 0 765 0 108 464 525 354 595 583 430 0 866 207 0 160 195 194 908 574 847 105 0 0 203 401 0 467 156 0 412 435 170 0 903 654 670 353 0 250 292 912 0 395 259 663 0 911 208 481 252 0 857 0 441 0 334 0 715 0 0 555 161 879 0 718 0 325 0 151 0 57 111 92 513 479 799 0 743 520 
211 0 748 0 192 180 555 0 352 902 0 759 984 327 407 797 970 0 225 956 413 0 728 0 63 0 642 946 733 672 558 0 490 993 0 883 0 0 2 915 599 289 624 157 63 309 0 714 976 937 542 679 669 344 6 934 0 0 300 823 277 897 486 383 661 544 64 306 830 385 0 317 16 7 283 447 0 0 864 283 0 952 0 0 759 952 946 769 2 0 907 0 426 269 955 389 0 0 0 580 0 830 0 556 339 339 378 0 980 0 656 0 623 0 519 384 0 104 947 660 46 491 553 491 250 868 533 0 817 79 806 713 363 479 552 266 723 781 0 0 188 0 749 0 0 612 984 0 203 109 0 21 850 505 0 889 181 752 0 313 41 800 949 0 990 438 364 324 
0 374 820 321 369 0 337 183 0 151 22 500 438 0 26 574 29 420 0 298 585 11 734 189 0 803 651 15 87 64 570 194 384 406 0 45 556 461 246 894 0 354 748 0 925 379 0 228 960 704 0 490 604 28 241 337 0 0 987 606 880 620 0 574 286 361 778 759 0 514 430 871 851 0 0 0 668 479 338 684 0 0 89 340 270 0 799 0 702 878 419 922 706 0 0 795 933 0 24 267 944 213 0 0 0 882 0 970 989 336 0 340 774 602 687 454 267 569 217 0 199 0 430 654 437 564 168 397 0 0 360 847 239 972 789 370 675 0 718 89 709 3 609 534 115 397 120 677 57 26 969 0 422 823 756 998 0 0 806 36 334 0 308 344 256 998 764 0 
587 147 0 0 254 614 795 678 796 578 608 0 440 0 663 394 846 820 0 901 833 840 0 956 641 633 993 648 864 505 44 477 375 0 0 277 759 845 0 437 0 700 564 0 0 11 648 892 96 68 819 756 599 215 941 537 300 987 0 259 0 263 628 78 761 0 962 0 0 745 0 241 0 683 25 905 0 486 630 517 163 665 211 0 427 0 0 189 729 852 196 0 755 198 978 990 666 129 896 0 952 618 360 596 0 189 247 741 776 338 0 352 32 899 117 771 0 31 960 0 0 293 0 0 25 200 0 565 919 835 40 113 893 507 455 766 0 263 107 738 298 0 907 0 262 319 873 833 758 459 842 468 0 0 0 305 768 78 442 0 737 0 504 947 164 293 690 747 
678 945 651 712 782 561 243 0 64 885 450 606 108 0 44 717 777 523 0 0 988 0 675 427 898 0 483 603 420 676 889 251 865 322 178 924 414 65 0 222 0 0 125 982 600 831 811 440 0 897 695 305 906 561 686 0 823 606 259 0 514 89 25 282 794 0 82 0 859 155 349 851 120 417 280 94 0 589 478 0 9 0 698 0 81 243 0 991 774 447 0 788 907 123 244 513 797 988 374 0 0 616 544 385 572 464 0 316 163 0 897 90 92 0 0 50 740 0 0 945 885 644 0 614 939 15 201 0 0 481 0 239 0 0 538 0 0 985 54 377 562 826 0 0 0 986 0 615 608 851 252 0 0 0 349 798 320 262 991 538 650 0 127 0 323 489 0 440 
108 191 842 358 116 271 692 48 322 0 356 193 0 0 841 514 902 775 679 546 82 800 0 854 658 365 936 195 241 568 36 659 758 539 0 345 298 0 0 0 788 739 756 69 0 0 0 355 0 389 122 991 744 338 931 0 277 880 0 514 0 20 663 45 0 225 0 441 570 856 0 16 0 447 458 650 321 932 577 836 455 476 893 22 0 20 127 0 0 927 160 264 314 587 0 84 0 695 373 598 595 420 841 0 135 0 422 0 271 142 0 359 61 531 902 624 0 0 25 465 845 565 416 292 999 486 19 248 269 231 306 498 666 0 647 327 409 322 0 0 428 892 145 798 705 637 965 860 0 828 629 770 767 657 467 717 627 0 0 977 466 68 637 636 358 272 211 808 
756 243 555 0 882 0 0 387 195 835 10 565 926 0 266 256 321 279 448 940 755 0 633 86 801 833 504 188 522 0 0 442 999 972 711 0 274 479 649 65 434 890 433 290 984 429 89 73 288 836 547 0 304 211 511 711 897 620 263 89 20 0 975 643 0 859 182 989 0 943 266 0 593 602 6 89 847 122 261 0 199 87 537 943 530 593 0 646 323 591 316 697 88 294 0 648 672 180 840 0 63 0 901 0 284 561 927 0 827 256 457 958 611 683 0 787 436 660 68 0 615 175 0 579 682 515 0 884 209 0 0 363 39 725 0 952 914 462 147 0 214 687 20 40 840 17 0 900 68 220 290 557 438 516 758 344 929 42 305 397 559 417 0 0 803 0 230 0 
399 364 46 632 775 971 0 496 877 0 52 449 98 749 991 164 946 211 0 595 771 218 0 647 323 422 0 914 0 618 0 118 28 303 0 492 0 114 0 681 160 787 546 146 978 990 892 133 885 825 971 583 693 996 140 474 486 0 628 25 663 975 0 0 49 334 200 105 0 0 0 0 159 0 890 137 53 99 0 334 36 0 0 4 450 929 226 108 114 939 582 0 113 899 0 0 303 305 336 712 756 777 171 0 758 346 0 531 387 0 410 208 30 646 176 0 578 286 0 0 627 0 812 971 155 673 384 0 41 692 0 641 856 442 167 770 615 826 521 45 0 356 0 950 408 795 0 661 761 0 974 83 0 371 281 871 779 0 911 245 808 483 48 395 748 43 0 165 
288 0 871 126 896 665 0 977 608 644 0 369 595 987 217 959 401 133 480 490 120 183 325 721 0 920 749 302 859 43 863 153 335 262 0 368 181 421 115 574 32 427 138 434 374 995 480 169 20 255 294 205 52 726 137 282 383 574 78 282 45 643 0 0 553 173 841 313 968 132 692 0 0 398 132 448 388 545 12 364 608 112 0 507 0 562 0 677 461 83 655 409 655 0 465 812 858 614 317 600 0 744 252 0 713 111 0 867 792 11 960 948 0 969 0 0 135 200 0 703 77 398 0 0 266 0 119 673 726 926 0 368 709 162 0 382 0 948 179 730 145 225 597 0 787 608 396 0 0 321 69 91 991 576 57 0 809 369 234 0 456 224 0 620 733 136 687 0 
370 0 976 176 421 532 594 0 966 386 147 0 823 0 674 609 0 450 429 0 395 807 987 593 0 94 0 140 263 304 942 0 983 111 30 0 0 981 243 543 0 0 67 0 136 244 817 140 0 905 330 713 0 0 813 919 661 286 761 794 0 0 49 553 0 104 161 413 456 90 0 877 963 0 506 186 450 837 635 684 8 187 302 959 402 0 586 846 908 762 970 535 167 743 789 0 411 822 0 804 0 521 268 158 0 0 0 838 43 0 331 486 0 882 5 908 214 279 0 646 446 172 0 337 731 784 127 898 447 526 123 741 848 731 361 912 989 0 864 41 0 0 319 513 660 241 804 571 0 298 849 0 0 888 877 423 468 246 531 0 75 555 569 985 163 353 430 795 
190 473 740 1 534 70 856 514 659 182 0 476 602 9 634 428 672 400 0 0 999 532 325 21 469 0 477 203 23 164 370 931 459 622 324 0 0 0 58 320 792 647 423 634 746 873 801 0 108 0 257 152 971 261 688 247 544 361 0 0 225 859 334 173 104 0 759 832 835 289 0 0 959 0 17 49 0 0 726 0 984 539 231 0 358 865 843 0 0 0 0 883 899 345 392 223 495 587 124 296 0 0 128 909 385 294 913 0 887 153 347 909 480 645 651 74 0 883 663 381 538 897 821 681 985 310 0 0 0 139 0 859 105 786 441 435 0 138 692 0 0 860 749 135 35 284 144 64 740 226 113 544 631 45 151 902 63 0 667 55 0 613 0 487 690 679 604 0 
578 986 786 668 950 0 634 958 156 0 0 0 470 151 580 518 0 306 286 0 0 0 234 591 356 36 502 0 0 195 52 133 797 0 0 930 492 984 768 344 520 0 0 956 33 0 884 326 0 193 598 625 618 0 455 0 64 778 962 82 0 182 200 841 161 759 0 0 224 40 778 220 595 0 105 739 11 980 995 0 0 952 703 112 214 219 944 38 876 976 160 0 0 345 620 179 108 213 0 961 818 438 0 369 0 0 397 422 982 0 139 68 226 0 82 504 351 0 447 98 216 266 641 584 427 847 915 329 307 722 983 333 771 821 794 250 26 0 564 240 76 317 623 478 219 943 0 0 733 898 253 591 48 755 0 0 400 234 0 696 27 700 807 721 303 0 295 518 
0 315 313 0 63 0 104 452 261 954 0 862 0 930 385 151 124 560 0 230 470 784 0 271 0 0 532 375 0 749 519 248 0 492 607 656 0 0 335 382 930 274 27 559 525 33 304 135 0 927 0 0 888 530 423 0 306 759 0 0 441 989 105 313 413 832 0 0 16 214 0 0 730 365 454 955 798 638 559 0 210 197 434 995 214 766 560 578 0 263 983 190 817 0 0 805 637 563 782 24 0 0 828 111 162 0 730 0 563 314 297 19 495 298 636 96 632 503 535 716 579 920 746 708 175 3 763 114 980 729 0 96 581 881 710 192 652 559 671 174 0 287 0 0 190 1 459 647 730 882 797 198 21 538 271 786 903 630 242 24 603 696 269 888 102 637 786 0 
789 578 547 345 440 792 527 989 622 0 0 170 394 401 0 553 653 181 218 823 416 235 0 0 0 0 0 0 409 221 0 576 513 634 413 0 300 0 0 0 0 195 758 0 643 469 502 979 696 205 0 840 134 435 969 516 830 0 0 859 570 0 0 968 456 835 224 16 0 6 624 279 5 655 710 0 0 0 0 0 574 202 814 713 234 567 0 0 705 702 501 0 379 190 20 209 455 251 290 576 165 0 167 857 0 60 254 418 330 774 0 0 378 137 168 624 0 656 118 318 979 445 292 407 333 678 966 0 290 858 900 92 432 904 0 0 660 293 918 0 34 0 195 358 0 128 322 792 244 793 0 217 913 308 0 526 657 0 997 0 0 477 396 452 0 0 0 599 
622 542 0 910 764 0 441 750 75 311 293 340 273 0 652 3 0 170 755 138 0 278 707 0 993 115 0 201 893 200 860 288 830 591 420 35 602 0 828 112 352 364 312 33 0 0 507 637 257 977 720 654 95 156 248 9 385 514 745 155 856 943 0 132 90 289 40 214 6 0 484 219 790 166 357 693 0 190 741 49 910 958 0 0 118 0 555 90 980 713 361 410 184 116 464 108 968 0 0 0 252 790 767 0 691 736 929 325 647 0 176 711 481 0 570 940 0 0 0 448 697 371 830 781 732 0 0 500 0 790 913 468 0 996 132 0 0 71 30 981 517 339 848 505 0 906 0 173 438 0 780 340 122 0 0 786 433 0 0 0 801 628 0 662 0 0 0 798 
799 969 91 0 937 729 0 0 6 0 143 926 357 0 0 178 298 796 211 296 915 0 0 348 822 490 311 604 630 0 0 0 123 429 131 319 275 885 0 406 290 272 0 86 5 970 0 325 0 406 0 31 685 0 0 275 0 430 0 349 0 266 0 692 0 0 778 0 624 484 0 218 702 0 0 0 638 0 0 501 237 387 0 410 930 363 0 60 447 44 803 444 898 420 517 616 341 325 0 502 781 0 477 252 418 0 426 348 0 384 467 51 968 0 451 0 206 561 843 122 629 166 884 916 317 913 847 950 625 933 0 0 694 517 0 424 651 998 569 0 671 156 0 339 539 348 0 739 0 745 477 0 335 0 741 404 896 126 83 0 855 0 10 30 443 182 617 276 
464 0 940 999 136 529 0 777 515 242 0 0 0 478 928 370 383 695 257 175 0 0 576 564 0 0 0 33 294 634 344 844 908 359 384 201 334 596 755 957 0 745 0 571 515 831 0 21 251 699 511 391 120 32 265 0 317 871 241 851 16 0 0 0 877 0 220 0 279 219 218 0 0 843 0 244 702 0 249 2 861 899 655 937 0 139 676 0 0 565 593 695 537 634 0 704 311 580 866 154 466 0 313 176 945 454 508 731 334 550 676 711 824 0 839 813 677 443 869 436 491 464 616 175 0 410 455 187 637 262 0 927 793 20 156 948 569 113 364 281 870 657 0 669 27 888 0 392 510 488 51 978 186 508 836 983 986 405 426 953 0 700 394 185 283 0 390 675 
258 87 284 70 21 0 0 137 0 994 0 404 466 0 87 875 0 0 421 183 200 581 39 0 214 897 836 199 0 0 0 0 0 653 696 762 812 88 0 963 440 0 421 456 308 0 0 368 0 952 883 998 419 783 0 0 16 851 0 120 0 593 159 0 963 959 595 730 5 790 702 0 0 805 517 0 0 56 997 0 715 101 893 357 0 315 681 900 0 942 558 727 313 871 0 100 0 123 501 0 614 629 131 0 389 493 0 86 505 546 275 399 0 970 527 355 440 228 0 909 0 56 0 291 0 506 928 0 310 0 557 663 671 210 493 627 545 799 0 0 876 467 165 0 983 0 48 809 64 265 454 0 161 0 635 0 0 212 845 0 0 776 826 361 297 627 747 0 
304 686 962 0 500 851 492 158 494 262 867 754 336 826 784 597 947 0 967 535 0 114 0 0 649 511 951 303 963 0 0 482 627 989 0 0 245 310 563 530 733 651 365 752 260 907 139 442 265 128 492 998 950 0 0 286 7 0 683 417 447 602 0 398 0 0 0 365 655 166 0 843 805 0 0 56 17 869 0 170 730 880 0 0 914 490 580 767 537 0 0 18 758 510 386 945 0 246 85 449 0 257 359 433 65 688 792 582 12 0 982 0 859 0 97 615 0 0 33 263 902 511 9 0 217 0 459 137 126 808 862 189 5 730 130 648 0 341 121 869 0 348 607 641 162 532 325 0 263 704 706 7 523 32 533 0 607 906 0 0 229 200 0 315 459 911 0 880 
219 0 898 874 210 679 0 413 293 813 461 0 645 619 387 0 630 413 208 546 0 819 812 0 839 373 309 380 725 848 727 117 264 718 822 410 0 478 634 467 201 400 563 884 379 687 329 469 815 736 707 0 413 701 881 0 283 0 25 280 458 6 890 132 506 17 105 454 710 357 0 0 517 0 0 0 524 115 580 625 735 463 391 372 532 0 95 182 508 0 314 627 150 485 0 173 0 855 0 533 316 0 756 235 0 337 189 788 834 451 144 125 0 302 603 697 828 163 537 209 268 713 0 126 0 84 0 0 629 876 588 498 4 917 0 367 310 714 488 374 638 138 643 0 71 732 827 393 299 583 284 0 862 27 517 14 104 688 0 546 506 0 0 617 219 258 673 972 
84 910 0 873 77 910 0 23 671 913 322 16 364 98 333 0 0 227 0 37 719 333 0 0 526 399 0 539 0 646 0 899 344 898 962 705 0 214 323 0 290 0 2 527 718 665 436 741 0 138 616 660 77 649 944 0 447 0 905 94 650 89 137 448 186 49 739 955 0 693 0 244 0 56 0 0 110 527 0 735 449 0 687 958 0 277 0 636 553 468 0 0 387 822 901 264 0 244 641 723 403 868 718 74 924 0 212 577 707 290 850 796 324 0 269 94 883 0 823 913 11 334 619 0 286 0 309 82 518 347 434 695 451 803 592 218 421 726 344 8 569 464 81 939 237 0 184 501 418 53 505 521 0 782 351 415 393 0 0 50 145 473 0 987 0 335 0 729 
466 0 151 725 714 0 899 210 678 0 357 142 0 5 621 0 647 0 544 862 634 330 0 644 9 0 405 369 990 33 893 530 67 0 380 0 133 91 869 790 0 32 942 0 45 333 0 700 780 333 189 631 946 204 644 111 0 668 0 0 321 847 53 388 450 0 11 798 0 0 638 702 0 17 524 110 0 0 0 266 849 0 0 539 181 726 720 993 156 816 0 124 326 141 412 0 0 0 384 0 885 864 290 115 6 968 0 409 92 553 0 179 684 0 0 730 0 770 967 0 930 617 509 732 803 699 0 0 570 198 641 14 260 0 758 0 942 428 0 522 223 577 496 0 0 591 914 94 416 0 320 384 0 872 41 0 0 196 476 170 256 620 0 578 404 312 503 0 
573 8 945 0 0 0 0 954 0 198 406 183 286 0 743 0 648 265 0 80 366 534 86 92 0 0 504 134 725 941 541 460 313 0 0 747 863 982 242 94 0 308 0 0 0 467 0 0 505 808 675 306 472 516 0 645 0 479 486 589 932 122 99 545 837 0 980 638 0 190 0 0 56 869 115 527 0 0 210 0 798 670 918 873 594 0 455 897 0 201 977 144 290 52 452 391 243 0 0 157 257 604 594 0 880 639 344 468 155 972 794 421 265 0 812 21 708 515 0 681 644 382 0 116 552 601 171 0 44 146 0 879 84 615 721 984 685 45 188 478 846 256 0 0 0 955 0 142 964 842 11 123 533 712 704 446 762 3 0 319 420 0 935 194 871 918 658 0 
0 517 0 450 91 235 754 643 855 463 16 0 907 924 423 0 0 623 0 724 456 940 896 548 794 0 538 985 93 165 958 52 845 886 302 764 639 542 231 0 794 498 151 733 412 240 386 844 0 973 0 753 604 164 0 82 864 338 630 478 577 261 0 12 635 726 995 559 0 741 0 249 997 0 580 0 0 210 0 244 174 888 366 403 616 605 6 0 814 0 40 0 0 337 186 995 582 619 132 781 387 0 662 0 101 729 781 117 112 0 0 107 919 537 0 678 0 354 0 134 0 344 295 0 0 0 0 662 0 670 778 355 775 588 696 21 470 980 35 158 706 750 330 104 456 715 0 565 492 799 841 499 998 670 7 517 429 203 710 0 490 0 756 0 0 0 137 0 
980 365 976 200 491 148 320 657 0 777 252 226 594 377 656 283 343 13 933 0 0 0 299 532 137 554 164 902 630 0 319 15 723 876 75 784 0 0 459 0 717 0 25 0 0 0 0 94 329 0 920 681 484 353 617 318 283 684 517 0 836 0 334 364 684 0 0 0 0 49 501 2 0 170 625 735 266 0 244 0 84 0 273 601 0 0 578 101 0 0 0 881 299 853 637 0 0 189 483 264 500 20 727 940 358 819 620 557 995 205 668 561 83 625 243 617 597 646 461 755 118 0 0 275 0 201 0 0 225 0 184 998 642 29 528 548 789 331 0 0 369 377 605 773 161 846 540 105 143 0 543 555 0 84 788 654 350 142 0 0 0 193 944 0 589 0 0 0 
2 932 932 278 641 790 626 527 433 0 831 571 119 69 731 600 759 740 353 225 431 320 561 972 199 463 515 443 749 119 642 0 608 669 253 82 0 284 0 32 329 69 0 392 445 0 456 393 758 0 615 533 437 387 46 165 0 0 163 9 455 199 36 608 8 984 0 210 574 910 237 861 715 730 735 449 849 798 174 84 0 793 318 528 937 25 0 0 0 0 0 28 895 730 893 113 437 0 0 630 862 286 760 863 794 279 540 444 850 993 541 147 355 585 445 831 261 677 718 512 989 447 723 0 387 116 0 609 638 86 483 518 0 262 142 918 0 441 182 0 0 192 953 442 697 807 0 40 19 294 0 0 498 400 0 0 738 774 895 844 158 606 963 0 874 366 0 864 
190 540 927 467 740 84 560 103 0 0 975 0 177 500 0 189 644 0 0 720 0 51 426 510 795 884 131 333 630 0 367 571 229 952 0 551 564 673 214 0 196 377 0 857 604 106 128 338 0 944 335 238 370 867 86 270 952 0 665 0 476 87 0 112 187 539 952 197 202 958 387 899 101 880 463 0 0 670 888 0 793 0 893 477 24 340 800 274 0 891 222 484 617 452 857 0 0 234 221 504 0 0 0 488 55 0 768 869 353 60 0 915 166 0 866 0 266 293 215 0 0 0 520 779 74 0 0 959 149 489 489 932 450 463 214 424 92 0 0 643 188 271 725 318 346 545 749 310 0 0 748 811 518 445 660 0 539 0 228 0 0 726 0 859 607 925 987 770 
423 490 835 865 0 541 769 603 601 454 913 906 0 569 179 0 0 0 0 26 549 0 0 0 913 317 0 0 274 795 305 35 589 14 234 726 109 712 0 689 0 473 123 0 55 605 624 0 387 0 912 763 0 281 813 0 0 89 211 698 893 537 0 0 302 231 703 434 814 0 0 655 893 0 391 687 0 918 366 273 318 893 0 887 410 915 333 405 979 716 636 409 207 0 41 239 385 0 247 102 879 680 669 273 120 741 672 0 471 0 537 666 261 331 929 608 978 457 0 48 0 0 645 587 124 57 128 633 0 117 754 479 0 774 0 124 0 0 267 301 356 167 855 744 55 592 292 370 321 918 957 993 585 887 967 743 96 37 193 526 521 0 186 732 782 624 300 0 
0 0 426 517 0 377 287 0 976 32 159 485 925 0 791 367 532 412 592 955 43 114 874 0 743 167 204 15 362 0 740 0 898 0 996 326 221 105 0 524 898 766 886 0 0 126 506 672 608 574 850 0 868 0 329 86 0 340 0 0 22 943 4 507 959 0 112 995 713 0 410 937 357 0 372 958 539 873 403 601 528 477 887 0 191 179 454 0 272 383 0 75 0 204 518 339 0 429 324 0 583 164 169 323 448 684 797 891 94 995 49 414 190 777 806 0 354 0 0 0 227 0 108 786 387 471 928 310 325 0 658 0 530 926 957 374 318 920 752 367 137 0 520 188 0 0 63 289 740 96 86 80 948 0 451 984 0 347 475 782 670 0 104 445 0 879 417 896 
899 608 454 672 610 0 238 988 0 295 142 0 706 71 233 0 0 897 44 0 870 0 922 0 895 910 78 207 536 654 644 981 153 0 862 0 492 445 605 97 587 0 988 0 346 778 889 0 463 75 978 66 161 0 971 620 759 270 427 81 0 530 450 0 402 358 214 214 234 118 930 0 0 914 532 0 181 594 616 0 937 24 410 191 0 637 593 0 640 445 220 119 423 557 454 713 0 425 873 0 0 273 687 186 414 456 910 640 0 799 0 967 589 667 791 395 690 0 327 0 79 265 0 0 0 0 258 369 108 0 574 0 872 63 673 0 273 268 120 727 187 17 0 0 0 194 542 600 0 58 436 0 0 0 385 37 940 711 840 610 370 0 97 0 403 0 874 876 
0 970 764 23 763 316 459 384 40 872 73 400 0 364 589 0 0 437 0 860 482 862 849 650 0 369 317 425 817 972 203 0 564 156 0 916 0 0 122 521 30 295 88 189 6 447 188 674 928 594 0 514 293 122 481 381 952 0 0 243 20 593 929 562 0 865 219 766 567 0 363 139 315 490 0 277 726 0 605 0 25 340 915 179 637 0 957 339 529 856 443 994 336 0 773 0 44 629 923 897 636 427 0 244 499 772 0 0 583 84 748 786 349 0 754 102 774 642 475 475 784 0 0 16 670 397 398 559 482 0 444 565 476 92 283 867 355 0 823 805 718 949 0 981 0 971 694 188 853 536 240 330 33 733 678 642 0 739 623 89 324 888 730 946 598 571 420 0 
794 486 0 0 0 341 652 0 0 925 268 179 418 908 772 170 0 184 852 926 955 0 212 520 0 622 959 563 979 446 36 416 446 189 0 464 646 828 460 438 663 448 0 672 129 0 980 474 0 533 0 0 370 531 883 63 946 799 0 0 127 0 226 0 586 843 944 560 0 555 0 676 681 580 95 0 720 455 6 578 0 800 333 454 593 957 0 0 904 0 129 0 0 892 0 0 319 0 398 643 116 975 562 537 845 905 121 643 48 755 0 0 506 961 15 0 124 425 421 84 335 350 564 241 113 459 0 257 510 519 451 142 715 133 985 67 336 414 112 373 533 697 260 166 999 684 249 522 174 81 135 348 377 0 11 0 106 131 0 0 874 0 0 803 494 648 991 651 
982 213 586 142 893 40 820 603 731 0 0 538 676 0 0 984 0 548 36 0 346 883 295 344 15 351 156 0 346 747 701 684 823 26 283 772 501 778 389 0 0 0 821 0 974 599 705 231 341 617 109 682 838 147 816 5 769 0 189 991 0 646 108 677 846 0 38 578 0 90 60 0 900 767 182 636 993 897 0 101 0 274 405 0 0 339 0 0 229 758 239 0 587 64 996 432 791 531 239 432 432 19 24 878 353 810 240 601 0 252 748 936 653 714 258 632 0 0 570 273 622 0 140 0 21 0 0 238 316 0 434 561 759 852 893 0 423 224 698 680 0 786 853 0 0 0 267 949 839 637 65 718 158 894 0 693 583 0 0 693 950 0 0 0 141 788 705 744 
113 675 703 125 928 197 173 950 0 72 162 783 943 275 116 878 378 697 949 633 607 700 0 253 216 298 81 124 68 82 589 422 226 0 0 361 335 0 148 0 318 0 785 331 888 758 0 0 735 72 799 111 870 665 397 250 2 702 729 774 0 323 114 461 908 0 876 0 705 980 447 0 0 537 508 553 156 0 814 0 0 0 979 272 640 529 904 229 0 0 499 295 0 914 0 393 406 554 814 973 667 467 366 862 398 0 684 0 924 895 888 0 341 971 495 64 614 0 701 796 810 782 574 887 407 438 0 196 302 0 519 45 547 308 0 0 5 848 0 756 0 942 131 362 522 270 768 946 863 0 211 890 191 787 374 815 892 731 32 893 118 368 479 726 0 998 52 472 
907 959 143 402 0 623 205 179 565 807 489 907 666 355 340 246 583 762 0 870 899 833 214 0 795 1 705 686 782 556 0 849 928 0 0 543 396 523 149 354 125 0 891 359 570 168 54 726 325 852 0 0 0 636 533 0 0 878 852 447 927 591 939 83 762 0 976 263 702 713 44 565 942 0 0 468 816 201 0 0 0 891 716 383 445 856 0 758 0 0 331 57 0 41 544 0 221 0 0 0 198 0 779 61 0 592 0 999 840 0 201 0 0 393 0 0 510 633 238 329 0 881 854 668 0 0 33 90 415 575 634 743 611 0 0 351 579 367 683 0 604 631 0 0 236 0 0 824 0 0 879 128 0 554 486 137 974 540 986 523 427 898 247 814 0 339 11 850 
576 3 768 578 94 0 374 744 616 739 81 0 146 434 29 100 435 804 56 798 222 36 566 31 477 200 368 357 20 2 0 735 0 0 0 215 873 554 0 378 195 512 0 337 341 24 466 146 982 940 123 701 59 0 237 765 907 419 196 0 160 316 582 655 970 0 160 983 501 361 803 593 558 0 314 0 0 977 40 0 0 222 636 0 220 443 129 239 499 331 0 373 459 761 564 163 439 0 0 633 0 381 698 656 0 411 908 869 985 461 0 490 141 191 636 469 441 154 191 582 909 0 0 824 208 0 0 792 0 67 360 425 173 0 292 939 340 688 273 716 898 0 0 0 282 0 953 118 0 599 0 262 705 464 390 379 970 799 0 535 297 705 741 159 881 906 0 994 
193 745 662 0 75 568 991 362 640 29 302 908 373 0 787 228 0 523 633 247 232 65 403 611 0 567 0 681 890 698 932 672 905 175 309 951 0 0 48 347 95 832 332 890 726 0 940 232 106 331 648 890 4 944 86 0 0 922 0 788 264 697 0 409 535 883 0 190 0 410 444 695 727 18 627 0 124 144 0 881 28 484 409 75 119 994 0 0 295 57 373 0 519 0 600 123 0 390 0 552 923 579 213 0 32 434 250 0 202 0 456 278 614 918 238 0 0 328 716 0 376 417 75 967 292 976 652 0 0 851 569 902 0 904 807 487 756 661 142 831 0 677 0 19 749 420 560 797 839 0 0 519 301 112 393 393 501 0 427 208 144 242 940 0 979 0 133 0 
186 622 773 259 0 0 0 385 719 0 192 202 0 0 783 0 0 469 691 851 131 257 0 812 0 0 7 46 0 0 372 0 171 0 361 497 0 0 180 44 20 946 448 594 429 577 465 0 410 675 0 814 96 209 418 108 426 706 755 907 314 88 113 655 167 899 0 817 379 184 898 537 313 758 150 387 326 290 0 299 895 617 207 0 423 336 0 587 0 0 459 519 0 92 0 290 938 404 675 479 769 297 147 456 0 59 0 905 0 375 0 461 639 0 276 0 817 0 0 0 0 0 789 0 0 531 187 738 114 0 187 497 874 757 678 708 492 488 460 718 912 217 243 0 0 222 306 0 253 69 357 249 100 710 540 0 0 175 0 350 554 397 250 776 0 926 639 852 
851 174 0 0 720 311 439 683 0 60 0 93 0 1 952 876 0 383 0 961 55 137 229 664 238 125 304 73 21 418 30 360 327 755 393 292 684 281 360 0 267 0 825 0 506 197 804 890 107 686 956 71 504 0 993 464 269 0 198 123 587 294 899 0 743 345 345 0 190 116 420 634 871 510 485 822 141 52 337 853 730 452 0 204 557 0 892 64 914 41 761 0 92 0 687 773 9 0 81 222 0 798 405 395 868 442 0 0 131 174 899 9 205 141 575 0 684 278 126 99 505 140 733 618 525 674 0 0 759 0 0 478 0 0 0 113 0 190 838 712 830 197 120 962 218 598 0 539 93 92 93 0 616 0 484 807 792 242 104 0 594 564 467 231 353 840 27 121 
545 170 839 0 95 0 693 451 818 588 455 0 925 826 776 178 115 521 173 139 671 0 980 980 844 531 222 0 233 984 646 787 373 722 0 417 754 0 405 342 222 987 642 381 203 724 934 0 0 943 746 0 420 880 425 525 955 0 978 244 0 0 0 465 789 392 620 0 20 464 517 0 0 386 0 901 412 452 186 637 893 857 41 518 454 773 0 996 0 544 564 600 0 687 0 19 379 61 652 828 0 427 885 736 499 652 286 17 0 959 732 717 723 51 0 36 767 351 915 0 0 620 389 938 178 0 182 0 187 452 908 740 939 0 523 0 286 675 434 787 254 121 218 592 116 0 348 30 332 97 0 76 811 548 0 839 0 0 823 0 868 243 552 906 458 783 974 173 
484 939 0 905 266 0 170 65 0 616 66 58 0 569 482 342 0 537 664 249 291 551 155 0 0 0 445 0 721 386 0 379 778 977 0 0 189 970 511 630 466 492 905 176 832 714 970 858 0 0 855 0 2 0 715 354 389 795 990 513 84 648 0 812 0 223 179 805 209 108 616 704 100 945 173 264 0 391 995 0 113 0 239 339 713 0 0 432 393 0 163 123 290 773 19 0 643 0 136 805 314 81 734 894 725 939 837 544 0 88 0 470 0 0 0 58 846 720 573 0 509 0 0 154 0 402 0 298 502 0 0 335 528 0 1 778 0 137 255 138 119 293 163 315 0 685 564 899 0 880 0 544 821 810 0 85 700 518 210 878 536 743 0 191 448 983 403 0 
234 0 443 0 426 790 740 401 132 382 776 855 177 571 0 23 604 0 0 922 0 409 0 710 540 611 570 141 105 375 0 445 836 0 326 378 0 638 144 801 0 215 43 473 593 548 883 511 762 14 237 6 69 47 0 595 0 933 666 797 0 672 303 858 411 495 108 637 455 968 341 311 0 0 0 0 0 243 582 0 437 0 385 0 0 44 319 791 406 221 439 0 938 9 379 643 0 339 459 402 257 0 47 200 615 636 914 0 521 724 784 537 646 170 501 0 0 755 671 0 963 897 996 0 213 0 74 39 817 608 930 396 524 886 646 767 707 0 0 71 405 892 984 0 70 563 248 0 0 0 250 0 0 0 0 999 682 138 664 686 440 873 435 791 577 290 0 756 
443 101 907 0 13 451 0 0 285 452 795 698 0 450 716 870 0 92 0 0 45 823 0 518 727 144 126 907 78 109 945 742 0 213 30 219 0 54 149 0 921 0 0 801 722 426 953 846 0 0 0 675 455 874 0 583 0 0 129 988 695 180 305 614 822 587 213 563 251 0 325 580 123 246 855 244 0 0 619 189 0 234 0 429 425 629 0 531 554 0 0 390 404 0 61 0 339 0 0 949 0 299 986 569 955 0 820 301 0 152 0 288 460 167 176 868 377 895 790 195 148 243 567 885 152 186 707 778 986 7 0 765 234 684 384 0 449 0 0 316 528 764 669 86 0 770 160 0 255 55 572 113 328 5 801 10 127 119 206 0 0 11 959 0 86 470 956 0 
634 0 77 450 462 0 943 0 488 802 0 770 129 308 665 675 372 546 203 567 725 733 256 452 250 746 81 716 597 602 0 985 0 0 372 800 617 377 851 678 0 296 0 481 151 276 880 0 892 0 367 0 921 955 0 430 0 24 896 374 373 840 336 317 0 124 0 782 290 0 0 866 501 85 0 641 384 0 132 483 0 221 247 324 873 923 398 239 814 0 0 0 675 81 652 136 459 0 0 238 277 0 0 97 532 345 207 889 0 925 0 0 202 0 0 836 187 84 648 0 167 395 959 398 8 86 0 816 268 332 0 538 0 217 342 0 168 743 25 0 485 135 473 271 881 0 17 250 146 0 808 479 994 614 981 170 0 502 929 202 0 0 0 911 672 0 784 646 
255 330 140 126 0 70 378 845 598 218 484 813 479 82 760 497 95 900 129 325 0 0 89 649 10 638 827 0 0 0 457 606 0 857 19 668 0 805 500 47 2 95 159 501 250 726 703 474 731 0 175 73 0 0 160 0 580 267 0 0 598 0 712 600 804 296 961 24 576 0 502 154 0 449 533 723 0 157 781 264 630 504 102 0 0 897 643 432 973 0 633 552 479 222 828 805 402 949 238 0 819 764 600 0 0 0 0 114 992 61 209 961 243 204 0 163 646 755 27 0 0 354 142 573 630 252 0 757 0 0 113 544 979 353 0 0 143 0 404 539 968 0 376 0 329 0 83 0 724 286 140 586 661 24 0 0 909 0 0 116 0 337 0 797 720 0 349 0 
825 498 841 864 0 487 776 596 52 727 948 170 0 640 152 0 770 0 753 0 458 27 68 364 306 416 8 0 0 0 0 133 840 952 618 0 216 464 55 265 537 512 469 674 336 899 284 0 897 787 129 0 25 0 409 866 0 944 952 0 595 63 756 0 0 0 818 0 165 252 781 466 614 0 316 403 885 257 387 500 862 0 879 583 0 636 116 432 667 198 0 923 769 0 0 314 257 0 277 819 0 486 922 0 985 750 189 0 89 196 0 874 983 505 26 740 855 689 375 0 721 961 0 144 568 0 376 0 699 390 0 0 16 503 174 708 523 110 829 964 433 189 773 629 919 103 494 0 419 0 871 835 454 987 845 895 823 0 14 211 604 555 880 0 67 101 0 976 
648 57 384 73 281 190 124 262 850 635 246 982 0 671 552 0 498 334 269 0 0 0 70 304 556 616 286 426 183 251 0 0 345 0 934 403 756 0 830 983 483 299 743 60 0 590 840 203 0 496 620 22 580 0 596 207 830 213 618 616 420 0 777 744 521 0 438 0 0 790 0 0 629 257 0 868 864 604 0 20 286 0 680 164 273 427 975 19 467 0 381 579 297 798 427 81 0 299 0 764 486 0 128 0 910 409 568 968 358 904 0 156 840 0 527 0 96 479 0 0 0 510 652 499 0 0 105 0 925 0 957 29 360 589 203 0 270 0 333 278 0 0 482 763 629 150 763 960 0 0 0 393 481 910 587 765 0 323 0 0 986 362 23 0 0 475 495 0 
868 589 230 987 394 743 146 401 818 0 274 0 631 168 0 479 203 573 95 436 0 0 68 413 0 62 631 143 0 540 547 590 498 570 271 0 625 195 41 875 930 698 508 675 654 305 605 0 884 89 665 408 562 247 734 0 0 0 360 544 841 901 171 252 268 128 0 828 167 767 477 313 131 359 756 718 290 594 662 727 760 0 669 169 687 0 562 24 366 779 698 213 147 405 885 734 47 986 0 600 922 128 0 155 64 155 416 854 130 225 573 361 0 0 878 37 0 490 85 724 0 70 610 138 541 210 583 809 0 306 0 569 817 726 0 771 528 470 0 428 965 422 0 481 29 229 52 0 0 0 783 534 44 882 921 401 463 904 618 572 146 207 0 727 125 0 96 694 
0 927 763 287 222 192 655 454 544 0 418 582 0 124 99 887 894 508 126 104 0 0 903 635 291 19 710 317 185 520 379 103 936 0 975 0 238 260 503 0 536 913 0 0 346 461 0 681 771 987 79 220 546 0 0 160 556 0 596 385 0 0 0 0 158 909 369 111 857 0 252 176 0 433 235 74 115 0 0 940 863 488 273 323 186 244 537 878 862 61 656 0 456 395 736 894 200 569 97 0 0 0 155 0 5 131 0 353 3 267 0 31 424 0 0 0 498 598 831 569 560 537 685 659 509 349 667 775 441 0 854 203 92 245 0 0 0 0 301 901 0 414 683 0 422 0 351 175 842 0 167 773 236 0 231 0 0 26 91 0 486 0 0 72 696 893 673 988 
651 674 124 831 977 779 853 0 521 254 97 643 865 359 924 753 296 786 429 0 7 246 0 378 13 482 405 73 768 237 470 365 13 0 766 0 916 935 0 363 540 835 0 641 0 134 617 0 884 998 396 415 974 828 0 195 339 0 0 572 135 284 758 713 0 385 0 162 0 691 418 945 389 65 0 924 6 880 101 358 794 55 120 448 414 499 845 353 398 0 0 32 0 868 499 725 615 955 532 0 985 910 64 5 0 0 739 673 0 0 289 0 920 132 462 201 172 979 423 0 470 448 389 215 34 895 4 505 671 392 0 0 2 348 662 201 466 0 702 0 63 0 220 0 543 629 755 659 0 0 0 303 910 396 892 129 758 922 75 961 19 813 360 500 752 270 497 135 
400 924 954 230 390 0 0 0 619 898 434 246 297 734 21 241 25 209 105 135 104 459 0 593 627 232 624 5 0 343 334 671 878 747 201 760 991 294 50 0 794 434 0 557 158 218 543 0 607 887 619 265 139 0 628 194 339 882 189 464 0 561 346 111 0 294 0 0 60 736 0 454 493 688 337 0 968 639 729 819 279 0 741 684 456 772 905 810 0 592 411 434 59 442 652 939 636 0 345 0 750 409 155 131 0 0 561 492 633 843 445 644 874 90 0 50 551 301 793 498 148 480 475 241 7 472 530 289 823 418 463 0 800 702 347 393 923 984 222 108 0 898 649 0 100 70 251 0 168 776 444 70 500 495 0 0 0 605 780 709 571 824 515 704 0 0 483 246 
233 622 311 780 557 655 578 32 716 0 739 252 0 779 510 0 547 921 785 223 559 879 604 106 155 803 811 926 341 0 0 672 783 511 117 305 200 87 56 702 844 0 158 0 77 0 145 0 0 0 197 0 0 941 692 908 378 0 247 0 422 927 0 0 0 913 397 730 254 929 426 508 0 792 189 212 0 344 781 620 540 768 672 797 910 0 121 240 684 0 908 250 0 0 286 837 914 820 207 0 189 568 416 0 739 561 0 0 742 693 0 0 83 385 680 0 0 211 101 580 892 809 344 423 0 900 0 0 0 577 652 160 989 659 120 336 426 216 0 300 166 259 467 142 928 971 381 212 295 483 224 0 575 425 657 0 373 102 300 0 0 486 943 977 613 902 673 0 
970 80 277 0 782 916 0 212 643 0 0 270 737 738 405 707 810 335 0 281 865 48 0 721 80 932 0 0 0 299 769 692 259 280 599 38 388 714 0 714 776 474 200 758 716 548 863 55 972 665 744 284 0 435 625 574 0 970 741 316 0 0 531 867 838 0 422 0 418 325 348 731 86 582 788 577 409 468 117 557 444 869 0 891 640 0 643 601 0 999 869 0 905 0 17 544 0 301 889 114 0 968 854 353 673 492 0 0 358 706 343 0 794 693 732 777 928 401 935 498 0 565 741 247 0 455 931 606 0 757 712 362 575 688 0 291 0 248 452 500 781 0 638 0 353 298 11 5 0 292 81 830 314 977 965 0 180 67 409 829 150 967 0 0 655 817 717 0 
99 831 749 476 837 342 367 524 78 531 7 864 874 559 230 791 607 0 723 0 0 18 748 313 493 0 378 0 56 850 0 253 969 0 935 665 744 219 687 669 254 840 468 0 782 0 811 510 564 354 724 495 0 855 0 847 980 989 776 163 271 827 387 792 43 887 982 563 330 647 0 334 505 12 834 707 92 155 112 995 850 353 471 94 0 583 48 0 924 840 985 202 0 131 0 0 521 0 0 992 89 358 130 3 0 633 742 358 0 249 961 667 945 625 400 916 377 234 562 0 0 875 432 955 256 0 35 885 819 53 81 0 839 295 0 165 723 452 668 88 624 939 603 969 616 0 0 0 522 156 525 221 687 0 0 0 18 125 781 299 639 946 516 267 3 869 67 633 
0 475 260 684 896 0 497 55 757 0 0 696 0 238 609 0 749 516 742 87 200 485 546 748 0 809 761 878 328 0 181 0 521 532 633 389 0 0 709 0 940 559 0 814 197 472 0 829 694 926 531 233 0 320 513 105 0 336 338 0 142 256 0 11 0 153 0 314 774 0 384 550 546 0 451 290 553 972 0 205 993 60 0 995 799 84 755 252 895 0 461 0 375 174 959 88 724 152 925 61 196 904 225 267 0 843 693 706 249 0 803 743 639 107 691 742 0 415 588 770 504 953 779 709 651 814 925 0 890 117 440 569 167 937 606 783 919 414 0 0 442 0 970 284 530 0 477 265 994 278 389 454 349 101 0 0 960 423 0 671 38 774 149 623 899 396 0 616 
978 733 391 0 939 951 0 918 646 0 472 286 876 0 714 137 0 505 746 381 649 975 509 962 0 650 501 27 732 271 0 291 0 162 0 313 557 986 169 699 565 0 662 971 309 125 0 0 578 743 283 562 0 435 466 0 656 0 0 897 0 457 410 960 331 347 139 297 0 176 467 676 275 982 144 850 0 794 0 668 541 0 537 49 0 748 0 748 888 201 0 456 0 899 732 0 784 0 0 209 0 0 573 0 289 445 0 343 961 803 0 384 64 526 139 0 0 524 492 734 716 409 837 482 0 290 615 524 0 938 340 774 555 931 0 609 956 116 691 861 664 820 17 697 0 759 965 0 748 0 214 340 777 638 0 345 962 376 39 558 0 631 0 0 620 358 164 0 
430 391 35 625 932 814 644 901 79 552 930 338 242 132 403 714 935 284 546 0 0 74 309 0 471 947 0 209 0 972 33 374 9 546 841 250 346 498 919 0 417 0 492 809 0 301 0 14 266 928 0 5 463 354 48 0 0 340 352 90 359 958 208 948 486 909 68 19 0 711 51 711 399 0 125 796 179 421 107 561 147 915 666 414 967 786 0 936 0 0 490 278 461 9 717 470 537 288 0 961 874 156 361 31 0 644 0 0 667 743 384 0 785 510 651 873 327 0 604 487 721 623 452 930 0 84 152 0 690 709 687 0 438 730 0 554 680 0 4 452 208 0 281 441 0 312 403 865 682 99 321 357 58 0 225 37 319 345 933 264 0 799 852 0 393 0 0 711 
0 244 714 0 0 173 994 321 0 600 0 293 214 479 4 114 347 465 185 0 614 17 766 0 132 30 935 0 668 378 171 131 918 651 0 19 80 290 0 561 557 953 248 0 962 0 762 0 0 344 0 764 356 588 0 203 623 774 32 92 61 611 30 0 0 480 226 495 378 481 968 824 0 859 0 324 684 265 919 83 355 166 261 190 589 349 506 653 341 0 141 614 639 205 723 0 646 460 202 243 983 840 0 424 920 874 83 794 945 639 64 785 0 394 0 885 991 215 707 275 0 28 876 125 986 497 215 0 32 163 991 209 0 201 0 232 697 625 66 650 0 0 924 0 46 329 0 188 865 827 99 371 186 948 877 617 527 994 177 798 323 0 82 226 57 674 21 0 
943 930 0 192 0 0 174 130 464 0 205 367 985 120 344 404 80 242 0 0 994 0 510 0 72 523 467 0 955 0 0 0 772 956 899 0 892 307 391 566 191 0 198 620 0 286 17 520 0 25 861 0 84 665 669 401 0 602 899 0 531 683 646 969 882 645 0 298 137 0 0 0 970 0 302 0 0 0 537 625 585 0 331 777 667 0 961 714 971 393 191 918 0 141 51 0 170 167 0 204 505 0 0 0 132 90 385 693 625 107 526 510 394 0 83 434 437 635 89 615 211 584 0 511 0 228 522 517 56 0 37 790 829 886 0 0 682 0 542 417 277 0 874 65 0 333 171 959 583 320 165 615 314 757 359 0 887 597 0 0 958 232 0 463 397 405 0 372 
422 315 392 736 496 366 560 80 507 623 0 566 16 560 767 0 552 730 0 42 0 954 856 495 944 195 881 105 661 698 0 466 644 0 162 680 0 433 422 0 241 0 0 795 592 396 0 293 873 588 39 336 486 478 0 0 519 687 117 0 902 0 176 0 5 651 82 636 168 570 451 839 527 97 603 269 0 812 0 243 445 866 929 806 791 754 15 258 495 0 636 238 276 575 0 0 501 176 0 0 26 527 878 0 462 0 680 732 400 691 139 651 0 83 0 0 539 0 102 251 846 730 569 308 0 0 0 999 393 569 0 0 908 714 0 0 211 623 458 373 124 825 514 240 890 322 238 0 854 395 831 524 587 841 205 999 1 0 0 459 785 0 0 539 37 698 287 477 
512 129 504 885 16 860 487 997 485 74 118 570 0 333 188 788 914 737 617 438 388 0 420 499 0 38 0 538 0 0 0 641 45 640 347 779 538 219 180 397 228 470 0 210 836 0 883 530 609 832 555 0 699 273 800 467 384 454 771 50 624 787 0 0 908 74 504 96 624 940 0 813 355 615 697 94 730 21 678 617 831 0 608 0 395 102 0 632 64 0 469 0 0 0 36 58 0 868 836 163 740 0 37 0 201 50 0 777 916 742 0 873 885 434 0 0 772 0 0 247 597 791 240 0 497 891 989 170 989 232 810 585 881 0 29 852 431 318 233 934 0 71 598 866 444 302 0 812 0 215 0 34 156 92 327 894 213 346 37 97 331 0 0 893 817 0 136 44 
854 672 153 357 320 807 228 0 64 141 597 981 0 493 370 119 0 262 353 851 207 297 790 89 76 533 131 160 887 0 507 0 239 0 491 900 0 905 18 0 697 26 321 102 0 789 804 454 727 63 810 115 238 151 823 156 0 267 0 740 0 436 578 135 214 0 351 632 0 0 206 677 440 0 828 883 0 708 0 597 261 266 978 354 690 774 124 0 614 510 441 0 817 684 767 846 0 377 187 646 855 96 0 498 172 551 0 928 377 0 0 327 991 437 539 772 0 504 248 0 0 666 0 793 0 0 924 0 0 318 223 516 102 293 852 249 909 228 0 637 109 117 0 426 186 0 0 653 0 427 370 347 0 133 490 903 870 959 442 233 196 353 350 610 891 0 243 0 
129 0 913 734 31 0 24 625 343 731 159 705 87 3 101 881 0 0 961 640 178 110 865 0 639 826 573 0 479 0 713 172 0 474 332 156 0 675 0 610 0 981 560 507 959 529 727 81 488 693 284 385 834 829 564 0 104 569 31 0 0 660 286 200 279 883 0 503 656 0 561 443 228 0 163 0 770 515 354 646 677 293 457 0 0 642 425 0 0 633 154 328 0 278 351 720 755 895 84 755 689 479 490 598 979 301 211 401 234 415 524 0 215 635 0 0 504 0 0 342 225 0 0 0 814 510 0 886 0 214 559 970 93 0 0 764 0 853 0 0 835 0 265 101 0 0 930 259 966 155 424 738 915 151 320 0 102 324 892 0 241 0 773 768 945 0 461 0 
426 763 139 352 213 0 783 193 0 965 820 855 0 0 0 0 0 682 872 544 442 0 804 786 176 784 985 904 445 671 216 101 417 2 0 493 0 257 649 55 553 0 790 324 241 855 389 775 356 326 22 49 915 939 869 412 947 217 960 0 25 68 0 0 0 663 447 535 118 0 843 869 0 33 537 823 967 0 0 461 718 215 0 0 327 475 421 570 701 238 191 716 0 126 915 573 671 790 648 27 375 0 85 831 423 793 101 935 562 588 492 604 707 89 102 0 248 0 0 967 862 230 0 0 266 552 364 103 636 783 638 458 0 183 849 749 66 528 0 852 0 239 0 527 388 0 0 578 36 293 468 711 652 781 585 831 0 943 0 0 486 538 270 918 201 54 599 5 
641 906 669 16 0 598 233 589 422 136 387 736 620 683 0 925 449 485 295 176 0 4 891 612 591 938 184 572 0 466 73 0 886 715 203 0 762 0 64 0 488 877 331 583 0 942 370 654 0 0 486 0 150 241 0 435 660 0 0 945 465 0 0 703 646 381 98 716 318 448 122 436 909 263 209 913 0 681 134 755 512 0 48 0 0 475 84 273 796 329 582 0 0 99 0 0 0 195 0 0 0 0 724 569 0 498 580 498 0 770 734 487 275 615 251 247 0 342 967 0 271 783 520 0 744 0 324 263 239 4 0 189 345 0 158 565 611 463 694 181 335 0 189 0 180 0 345 25 446 811 708 65 77 391 0 743 229 585 0 637 133 197 516 267 716 94 0 293 
582 0 943 0 0 0 507 682 0 0 0 687 604 873 404 750 864 0 550 531 284 743 0 638 0 360 55 77 653 769 358 0 545 768 642 894 815 0 124 316 0 464 340 933 0 543 0 23 0 0 0 139 853 324 541 170 46 199 0 885 845 615 627 77 446 538 216 579 979 697 629 491 0 902 268 11 930 644 0 118 989 0 0 227 79 784 335 622 810 0 909 376 0 505 0 509 963 148 167 0 721 0 0 560 470 148 892 0 0 504 716 721 0 211 846 597 0 225 862 271 0 687 425 603 0 0 450 377 0 377 637 567 894 387 698 105 978 409 755 7 379 330 547 0 756 950 0 26 0 0 0 0 814 25 0 0 570 456 628 0 830 178 758 311 937 311 602 0 
804 227 439 329 0 915 0 327 0 0 358 597 353 962 836 104 563 375 938 872 0 0 856 0 0 0 70 0 863 0 411 229 222 839 509 379 644 549 552 0 480 668 852 0 637 0 0 282 561 127 4 225 4 838 566 0 491 0 293 644 565 175 0 398 172 897 266 920 445 371 166 464 56 511 713 334 617 382 344 0 447 0 0 0 265 0 350 0 782 881 0 417 0 140 620 0 897 243 395 354 961 510 70 537 448 480 809 565 875 953 409 623 28 584 730 791 666 0 230 783 687 0 847 833 0 69 135 556 971 422 0 512 134 441 245 387 202 165 0 330 141 982 772 998 151 0 217 456 525 0 501 288 0 837 0 0 941 798 773 810 200 498 807 0 447 237 747 957 
300 787 943 0 573 687 601 0 472 4 139 973 256 454 258 450 987 30 980 0 0 27 926 0 0 227 489 964 674 369 995 0 667 887 0 298 800 958 106 588 0 516 383 0 854 186 657 852 271 719 658 447 460 1 0 903 553 430 0 0 416 0 812 0 0 821 641 746 292 830 884 616 0 9 0 619 509 0 295 0 723 520 645 108 0 0 564 140 574 854 0 75 789 733 389 0 996 567 959 142 0 652 610 685 389 475 344 741 432 779 837 452 876 0 569 240 0 0 0 520 425 847 0 263 0 881 0 870 799 0 503 621 176 895 914 929 560 85 488 411 558 490 0 0 250 372 126 772 293 184 158 816 172 680 935 936 0 0 636 572 551 0 0 106 0 0 14 328 
0 337 782 136 321 0 0 16 750 65 687 502 374 192 190 0 187 524 877 282 0 0 0 226 0 203 607 467 459 258 249 259 367 277 17 109 0 702 0 970 691 906 0 736 0 0 248 357 585 630 984 0 692 867 546 654 491 654 0 614 292 579 971 0 337 681 584 708 407 781 916 175 291 0 126 0 732 116 0 275 0 779 587 786 0 16 241 0 887 668 824 967 0 618 938 154 0 885 398 573 144 499 138 659 215 241 423 247 955 709 482 930 125 511 308 0 793 0 0 0 603 833 263 0 310 360 523 817 361 0 380 0 64 0 0 15 548 957 907 0 288 396 521 0 0 0 373 199 0 58 278 799 0 517 774 0 808 716 63 735 278 195 458 0 114 743 141 0 
88 425 901 633 994 0 554 95 145 691 390 0 528 323 114 0 179 950 435 289 947 886 363 0 0 687 0 609 0 452 0 565 129 287 471 588 0 220 0 418 0 0 10 0 356 0 811 635 0 337 865 326 43 80 0 670 250 437 25 939 999 682 155 266 731 985 427 175 333 732 317 0 0 217 0 286 803 552 0 0 387 74 124 387 0 670 113 21 407 0 208 292 0 525 178 0 213 152 8 630 568 0 541 509 34 7 0 0 256 651 0 0 986 0 0 497 0 814 266 744 0 0 0 310 0 360 300 492 287 129 813 253 139 403 868 523 397 415 0 0 0 536 0 580 879 260 376 543 102 139 501 637 0 715 308 534 40 635 157 253 756 179 951 469 626 0 992 796 
904 0 520 301 0 55 349 388 247 866 0 0 0 844 0 0 253 113 948 277 0 0 902 364 836 522 61 444 0 296 998 560 38 641 205 210 39 814 0 847 193 455 0 0 51 0 320 0 622 974 0 0 0 798 526 353 868 564 200 15 486 515 673 0 784 310 847 3 678 0 913 410 506 0 84 0 699 601 0 201 116 0 57 471 0 397 459 0 438 0 0 976 531 674 0 402 0 186 86 252 0 0 210 349 895 472 900 455 0 814 290 84 497 228 0 891 0 510 552 0 0 69 881 360 360 0 11 826 321 608 571 659 0 647 665 663 0 0 687 0 265 0 446 857 0 910 939 190 96 457 0 856 358 0 0 0 317 0 122 0 295 648 851 835 946 715 674 721 
0 0 949 15 582 72 365 32 1 379 677 399 748 585 591 0 0 561 0 537 984 0 0 446 952 0 562 632 104 929 0 0 36 558 388 306 194 464 455 264 214 190 425 0 226 917 362 7 921 890 246 906 779 238 177 0 533 168 0 201 19 0 384 119 127 0 915 763 966 0 847 455 928 459 0 309 0 171 0 0 0 0 128 928 258 398 0 0 0 33 0 652 187 0 182 0 74 707 0 0 376 105 583 667 4 530 0 931 35 925 615 152 215 522 0 989 924 0 364 324 450 135 0 523 300 11 0 133 250 219 308 823 603 319 306 0 288 663 135 987 878 0 333 121 0 0 961 589 634 184 18 0 880 535 0 484 296 0 798 225 792 434 253 949 0 423 252 657 
758 6 436 102 625 837 490 367 385 627 617 0 391 0 786 393 541 841 956 0 0 266 103 935 890 437 966 926 428 953 0 0 563 0 857 829 421 382 450 291 784 80 0 333 673 256 474 766 0 330 885 0 863 689 877 250 0 397 565 0 248 884 0 673 898 0 329 114 0 500 950 187 0 137 0 82 0 0 662 0 609 959 633 310 369 559 257 238 196 90 792 0 738 0 0 298 39 778 816 757 0 0 809 775 505 289 0 606 885 0 524 0 0 517 999 170 0 886 103 263 377 556 870 817 492 826 133 0 171 0 239 466 430 785 961 397 83 27 0 0 0 478 177 940 0 280 237 662 195 868 649 299 0 108 131 0 135 0 216 823 123 188 128 732 928 0 666 971 
0 123 823 537 26 12 847 0 0 0 167 401 992 558 461 926 0 168 403 272 340 0 666 0 18 594 211 856 253 0 116 0 798 849 0 281 752 0 194 34 528 235 0 0 529 0 347 114 527 938 119 238 962 896 0 292 817 0 919 0 269 209 41 726 447 0 307 980 290 0 625 637 310 126 629 518 570 44 0 225 638 149 0 325 108 482 510 316 302 415 0 0 114 759 187 502 817 986 268 0 699 925 0 441 671 823 0 0 819 890 0 690 32 56 393 989 0 0 636 239 0 971 799 361 287 321 250 171 0 521 662 885 819 0 459 245 198 848 505 547 837 0 250 0 0 828 0 276 483 10 302 0 0 296 0 898 78 0 159 723 495 0 0 617 0 634 602 0 
246 995 146 80 581 0 530 0 108 614 623 251 657 0 281 0 121 472 0 192 677 0 718 518 0 126 26 0 307 626 0 712 260 0 94 0 798 161 122 0 0 266 0 0 302 0 816 949 242 34 823 443 498 641 971 912 79 0 835 481 231 0 692 926 526 139 722 729 858 790 933 262 0 808 876 347 198 146 670 0 86 489 117 0 0 0 519 0 0 575 67 851 0 0 452 0 608 7 332 0 390 0 306 0 392 418 577 757 53 117 938 709 163 0 569 232 318 214 783 4 377 422 0 0 129 608 219 0 521 0 342 0 269 344 609 13 825 31 0 977 263 673 234 0 24 746 833 838 0 887 484 749 892 668 13 0 632 0 0 167 0 0 269 395 841 35 0 26 
456 229 13 0 144 133 47 88 230 926 985 218 774 999 195 0 0 0 965 327 979 437 0 723 58 993 688 803 708 367 103 280 0 778 301 191 705 703 157 402 362 413 677 4 0 615 93 806 336 175 9 906 0 0 188 0 806 360 40 0 306 0 0 0 123 0 983 0 900 913 0 0 557 862 588 434 641 0 778 184 483 489 754 658 574 444 451 434 519 634 360 569 187 0 908 0 930 0 0 113 0 957 0 854 0 463 652 712 81 440 340 687 991 37 0 810 223 559 638 0 637 0 503 380 813 571 308 239 662 342 0 167 0 0 35 0 479 0 776 684 645 378 46 0 653 744 0 482 319 741 253 113 580 880 0 637 0 339 0 458 516 263 52 864 300 0 179 335 
377 780 0 479 921 707 788 231 0 330 0 619 674 943 0 0 0 930 0 643 654 0 247 616 97 12 60 855 276 696 0 0 0 502 80 13 203 383 0 468 838 0 929 686 618 107 0 701 491 806 37 852 0 241 972 395 713 847 113 239 498 363 641 368 741 859 333 96 92 468 0 927 663 189 498 695 14 879 355 998 518 932 479 0 0 565 142 561 45 743 425 902 497 478 740 335 396 765 538 544 0 29 569 203 0 0 160 362 0 569 774 0 209 790 0 585 516 970 458 189 567 512 621 0 253 659 823 466 885 0 167 0 77 306 0 98 403 782 605 366 832 167 885 972 0 611 112 826 0 0 337 260 79 0 776 733 877 593 0 210 439 525 350 548 0 452 0 436 
374 138 593 499 0 700 0 357 462 956 0 271 586 0 743 103 242 317 0 142 643 484 0 0 893 0 0 620 700 0 619 84 0 713 0 0 0 633 0 805 156 0 600 691 0 850 928 0 218 0 0 782 559 621 97 259 363 239 893 0 666 39 856 709 848 105 771 581 432 0 694 793 671 5 4 451 260 84 775 642 0 450 0 530 872 476 715 759 547 611 173 0 874 0 939 528 524 234 0 979 16 360 817 92 2 800 989 575 839 167 555 438 0 829 908 881 102 93 0 345 894 134 176 64 139 0 603 430 819 269 0 77 0 0 568 642 479 0 622 196 580 876 189 814 309 0 243 0 619 0 284 251 0 614 223 437 397 549 795 0 552 762 108 0 291 616 307 885 
0 249 577 992 105 745 0 384 0 858 757 203 577 199 0 979 91 48 266 884 202 0 0 884 107 870 333 289 274 538 0 122 158 373 962 392 897 587 694 129 626 798 0 849 31 0 396 21 0 124 0 0 534 87 986 663 479 972 507 0 0 725 442 162 731 786 821 881 904 996 517 20 210 730 917 803 0 615 588 29 262 463 774 926 63 92 133 852 308 0 0 904 757 0 0 0 886 684 217 353 503 589 726 245 348 702 659 688 295 937 931 730 201 886 714 0 293 0 183 0 387 441 895 0 403 647 319 785 0 344 0 306 0 0 638 758 226 257 51 449 829 0 565 39 600 0 847 895 0 846 27 726 184 0 573 0 12 465 934 152 0 977 176 542 0 56 874 740 
0 0 689 776 0 137 778 323 0 605 455 329 225 435 0 764 164 911 562 878 0 576 356 316 335 0 925 93 90 0 361 548 28 910 403 858 591 0 0 972 0 0 657 785 522 0 766 388 423 21 574 537 70 0 0 0 552 789 455 538 647 0 167 0 361 441 794 710 0 132 0 156 493 130 0 592 758 721 696 528 142 214 0 957 673 283 985 893 0 0 292 807 678 0 523 1 646 384 342 0 174 203 0 0 662 347 120 0 0 606 0 0 0 0 0 29 852 0 849 158 698 245 914 0 868 665 306 961 459 609 35 0 568 638 0 574 414 316 0 295 580 489 978 0 203 0 103 715 707 0 538 905 0 0 292 249 528 478 670 646 546 0 755 548 481 0 832 401 
0 867 0 134 958 139 544 0 536 808 36 97 855 867 333 0 654 90 621 706 510 912 367 697 582 885 256 176 0 809 86 774 578 634 595 934 645 666 94 355 338 0 259 565 0 0 371 569 184 484 562 329 830 850 320 911 266 370 766 0 327 952 770 382 912 435 250 192 0 0 424 948 627 648 367 218 0 984 21 548 918 424 124 374 0 867 67 0 0 351 939 487 708 113 0 778 767 0 0 0 708 0 771 0 201 393 336 291 165 783 609 554 232 0 0 852 249 764 749 565 105 387 929 15 523 663 0 397 245 13 0 98 642 758 574 0 708 634 0 391 157 61 0 90 0 11 208 94 782 916 0 228 238 666 751 0 941 0 0 191 55 911 472 89 439 631 315 265 
0 995 45 0 47 67 288 821 873 603 294 0 0 0 326 0 154 951 990 0 539 843 301 981 0 410 613 684 589 29 105 354 0 0 209 376 0 314 441 0 11 531 976 371 354 775 512 607 0 114 254 478 0 781 0 208 723 675 0 0 409 914 615 0 989 0 26 652 660 0 651 569 545 0 310 421 942 685 470 789 0 92 0 318 273 355 336 423 5 579 340 756 492 0 286 0 707 449 168 143 523 270 528 0 466 923 426 0 723 919 956 680 697 682 211 431 909 0 66 611 978 202 560 548 397 0 288 83 198 825 479 403 479 226 414 708 0 656 861 788 0 441 793 0 39 110 0 769 268 572 13 30 135 731 38 324 311 357 643 675 892 0 0 14 568 914 990 962 
710 526 0 776 0 81 941 988 419 119 250 0 746 0 411 410 203 717 760 370 495 277 0 68 130 0 453 631 752 836 921 456 58 883 681 41 462 0 0 479 890 116 0 0 382 0 365 153 0 13 142 999 63 283 0 481 781 0 263 985 322 462 826 948 0 138 0 559 293 71 998 113 799 341 714 726 428 45 980 331 441 0 0 920 268 0 414 224 848 367 688 661 488 190 675 137 0 0 743 0 110 0 470 0 0 984 216 248 452 414 116 0 625 0 623 318 228 853 528 463 409 165 85 957 415 0 663 27 848 31 0 782 0 257 316 634 656 0 639 514 709 0 447 620 0 0 708 0 909 0 723 102 143 0 99 292 860 618 651 990 47 0 716 468 82 108 0 32 
492 924 0 52 431 0 878 857 25 157 614 295 0 968 652 556 0 996 0 856 86 0 114 841 0 421 927 0 0 984 325 234 644 0 734 791 58 0 441 773 0 672 432 0 92 0 0 977 330 0 881 80 0 149 0 252 0 718 107 54 0 147 521 179 864 692 564 671 918 30 569 364 0 121 488 344 0 188 35 0 182 0 267 752 120 823 112 698 0 683 273 142 460 838 434 255 0 0 25 404 829 333 0 301 702 222 0 452 668 0 691 4 66 542 458 233 0 0 0 694 755 0 488 907 0 687 135 0 505 0 776 605 622 51 0 0 861 639 0 894 56 652 0 145 0 666 719 90 148 346 0 0 0 0 385 0 772 540 0 894 382 916 0 378 0 488 543 968 
823 0 0 0 0 0 867 0 0 0 0 0 931 0 531 393 771 953 408 908 44 0 441 853 311 0 0 665 834 811 0 437 252 255 719 0 847 0 269 0 409 247 477 559 933 447 211 0 832 269 972 93 513 78 0 0 0 89 738 377 0 0 45 730 41 0 240 174 0 981 0 281 0 869 374 8 522 478 158 0 0 643 301 367 727 805 373 680 756 0 716 831 718 712 787 138 71 316 0 539 964 278 428 901 0 108 300 500 88 0 861 452 650 417 373 934 637 0 852 181 7 330 411 0 0 0 987 0 547 977 684 366 196 449 295 391 788 514 894 0 0 93 0 529 30 964 479 987 233 0 0 0 656 504 915 923 778 783 637 683 0 0 594 846 638 0 638 221 
594 849 164 545 0 912 746 0 700 54 429 0 544 0 0 534 0 741 497 78 176 271 446 0 0 0 0 134 281 925 380 114 598 363 0 18 900 478 421 993 586 501 449 484 0 150 740 0 140 924 440 628 0 904 735 857 188 709 298 562 428 214 0 145 0 0 76 0 34 517 671 870 876 0 638 569 223 846 706 369 0 188 356 137 187 718 533 0 0 604 898 0 912 830 254 119 405 528 485 968 433 0 965 0 63 0 166 781 624 442 664 208 0 277 124 0 109 835 0 335 379 141 558 288 0 265 878 0 837 263 645 832 580 829 580 157 0 709 56 0 0 834 473 291 953 210 280 68 899 258 0 0 329 568 846 837 819 780 0 330 331 815 913 481 121 109 170 614 
0 789 185 0 0 395 483 892 330 851 0 17 445 770 514 311 317 0 821 113 833 1 584 181 4 420 445 801 0 898 0 33 772 769 0 124 61 840 969 29 679 0 0 364 420 149 610 366 0 79 231 0 987 449 515 0 0 3 0 826 892 687 356 225 0 860 317 287 0 339 156 657 467 348 138 464 577 256 750 377 192 271 167 0 17 949 697 786 942 631 0 677 217 197 121 293 892 764 135 0 189 0 422 414 0 898 259 0 939 0 820 0 0 0 825 71 117 0 239 0 330 982 490 396 536 0 0 478 0 673 378 167 876 0 489 61 441 0 652 93 834 0 988 454 233 921 691 0 813 304 986 107 193 280 829 30 191 718 324 997 419 325 746 342 0 0 557 466 
851 452 583 664 487 414 214 703 628 307 226 497 763 807 633 20 282 0 159 805 619 134 299 299 470 939 708 0 157 126 460 595 408 2 0 577 624 686 828 0 64 765 111 237 0 0 537 761 0 962 753 0 722 0 398 441 749 609 907 0 145 20 0 597 319 749 623 0 195 848 0 0 165 607 643 81 496 0 330 605 953 725 855 520 0 0 260 853 131 0 0 0 243 120 218 163 984 669 473 376 773 482 0 683 220 649 467 638 603 970 17 281 924 874 514 598 0 265 0 189 547 772 0 521 0 446 333 177 250 234 46 885 189 565 978 0 793 447 0 0 473 988 0 0 921 772 644 855 714 215 269 0 178 707 816 33 0 76 376 0 0 514 933 968 264 359 142 202 
708 0 577 609 266 0 0 0 0 0 0 0 807 696 684 310 257 133 615 188 434 303 0 0 0 0 673 0 498 802 349 0 637 76 588 913 0 13 0 0 509 609 0 584 455 912 197 0 768 733 64 0 207 412 688 0 0 534 0 0 798 40 950 0 513 135 478 0 358 505 339 669 0 641 0 939 0 0 104 773 442 318 744 188 0 981 166 0 362 0 0 19 0 962 592 315 0 86 271 0 629 763 481 0 0 0 142 0 969 284 697 441 0 65 240 866 426 101 527 0 0 998 0 0 580 857 121 940 0 0 0 972 814 39 0 90 0 620 145 529 291 454 0 0 0 22 828 0 332 412 0 661 0 538 893 120 419 515 0 0 984 887 743 295 0 904 742 222 
0 560 318 61 0 284 540 618 739 0 885 30 352 0 477 0 261 11 0 271 585 333 850 713 603 0 457 402 23 0 903 48 287 0 543 395 894 669 298 417 0 0 65 484 528 938 761 0 853 434 264 613 468 33 74 334 0 115 262 0 705 840 408 787 660 35 219 190 0 0 539 27 983 162 71 237 0 0 456 161 697 346 55 0 0 0 999 0 522 236 282 749 0 218 116 0 70 0 881 329 919 629 29 422 543 100 928 353 616 530 0 0 46 0 890 444 186 0 388 180 756 151 250 0 879 0 0 0 0 24 653 0 309 600 203 0 39 0 0 30 953 233 921 0 0 0 360 184 289 56 293 950 628 143 0 107 93 977 702 830 284 0 273 0 343 930 0 965 
0 987 392 0 179 0 284 821 860 0 998 9 0 837 130 0 720 12 0 0 492 0 56 174 102 397 333 3 87 605 901 850 0 59 784 80 326 101 939 0 0 0 308 368 588 699 141 549 0 825 0 196 747 389 0 0 612 397 319 986 637 17 795 608 241 284 943 1 128 906 348 888 0 532 732 0 591 955 715 846 807 545 592 0 194 971 684 0 270 0 0 420 222 598 0 685 563 770 0 0 103 150 229 0 629 70 971 298 0 0 759 312 329 333 322 302 0 0 0 0 950 0 372 0 260 910 0 280 828 746 744 611 0 0 0 11 110 0 666 964 210 921 772 22 0 0 686 762 102 855 0 89 165 721 42 0 0 650 812 230 129 963 757 28 854 981 0 0 
270 0 642 516 660 380 0 479 751 886 0 759 0 0 748 199 466 987 74 894 134 0 809 850 883 0 100 507 202 307 805 0 0 482 885 759 473 3 270 56 88 128 0 471 300 120 647 483 471 0 104 939 0 674 508 715 984 120 873 0 965 0 0 396 804 144 0 459 322 0 0 0 48 325 827 184 914 0 0 540 0 749 292 63 542 694 249 267 768 0 953 560 306 0 348 564 248 160 17 83 494 763 52 351 755 251 381 11 0 477 965 403 0 171 238 0 0 930 0 345 0 217 126 373 376 939 961 237 0 833 0 112 243 847 103 208 0 708 719 479 280 691 644 828 360 686 0 0 340 827 0 296 0 117 53 295 0 735 254 759 0 734 0 475 203 655 601 0 
236 176 0 132 84 988 758 0 687 115 446 229 931 104 8 371 416 919 502 0 318 51 676 401 166 0 282 622 484 0 682 0 381 884 45 441 0 358 0 872 0 168 47 824 780 716 0 408 0 415 137 312 920 210 611 0 0 677 833 615 860 900 661 0 571 64 0 647 792 173 739 392 809 0 393 501 94 142 565 105 40 310 370 289 600 188 522 949 946 824 118 797 0 539 30 899 0 0 250 0 0 960 0 175 659 0 212 5 0 265 0 865 188 959 0 812 653 259 578 25 26 456 772 199 543 190 589 662 276 838 482 826 0 895 715 94 769 0 90 987 68 0 855 0 184 762 0 0 0 567 92 90 0 120 971 132 633 534 443 69 579 19 45 939 612 0 814 198 
0 873 0 430 477 892 0 831 608 0 166 137 0 895 288 0 852 243 0 477 112 0 570 3 330 973 431 465 163 622 536 0 290 732 925 0 0 0 0 355 521 45 578 46 55 290 527 674 562 0 33 786 0 785 0 0 203 57 758 608 0 68 761 0 0 740 733 730 244 438 0 510 64 263 299 418 416 964 492 143 19 0 321 740 0 853 174 839 863 0 0 839 253 93 332 0 0 255 146 724 419 0 0 842 0 168 295 0 522 994 748 682 865 583 854 0 0 966 36 446 0 525 293 0 102 96 634 195 483 0 319 0 619 0 707 782 268 909 148 233 899 813 714 332 289 102 340 0 0 522 926 874 99 537 748 50 219 0 206 0 0 62 139 985 2 895 0 644 
238 45 310 0 99 804 0 415 0 241 69 183 722 460 612 0 0 904 466 673 215 682 733 0 14 0 916 282 733 0 0 523 184 0 165 295 0 761 0 672 0 348 686 67 581 45 522 521 0 95 0 0 855 0 335 555 109 26 459 851 828 220 0 321 298 226 898 882 793 0 745 488 265 704 583 53 0 842 799 0 294 0 918 96 58 536 81 637 0 0 599 0 69 92 97 880 0 55 0 286 0 0 0 0 0 776 483 292 156 278 0 99 827 320 395 215 427 155 293 811 0 0 184 58 139 457 184 868 10 887 741 0 0 846 0 916 572 0 346 0 258 304 215 412 56 855 827 567 522 0 126 926 0 174 15 690 415 184 114 892 0 779 711 572 656 0 503 326 
123 258 608 67 110 408 0 732 588 0 45 943 453 0 938 0 653 0 60 973 820 782 808 0 97 0 732 789 132 0 0 0 284 0 626 182 573 842 279 976 747 746 0 344 0 109 0 287 129 968 731 431 0 670 928 161 0 969 842 252 629 290 974 69 849 113 253 797 0 780 477 51 454 706 284 505 320 11 841 543 0 748 957 86 436 240 135 65 211 879 0 0 357 93 0 0 250 572 808 140 871 0 783 167 0 444 224 81 525 389 214 321 99 165 831 0 370 424 468 708 0 501 158 278 501 0 18 649 302 484 253 337 284 27 538 0 13 723 0 0 0 986 269 0 293 0 0 92 926 126 0 64 610 358 144 189 0 0 107 873 0 74 784 274 809 518 265 106 
246 574 0 911 475 0 786 590 228 0 888 0 683 794 0 292 628 787 948 411 109 0 235 769 93 732 836 674 813 269 24 286 0 801 890 904 229 383 846 636 953 741 984 86 746 0 0 525 673 12 0 0 0 712 0 879 21 0 468 0 770 557 83 91 0 544 591 198 217 340 0 978 0 7 0 521 384 123 499 555 0 811 993 80 0 330 348 718 890 128 262 519 249 0 76 544 0 113 479 586 835 393 534 773 303 70 0 830 221 454 340 357 371 615 524 34 347 738 711 65 0 288 816 799 637 856 0 299 0 749 113 260 251 726 905 228 30 102 0 0 0 107 0 661 950 89 296 90 874 926 64 0 807 880 0 525 198 0 61 0 477 979 990 635 885 29 659 709 
46 282 584 519 126 688 368 770 773 976 0 0 0 940 666 649 944 393 955 437 875 344 0 128 489 541 820 0 482 0 775 832 31 17 102 536 316 826 0 602 239 747 565 813 172 0 183 794 690 189 545 0 844 13 515 0 850 422 0 0 767 438 0 991 0 631 48 21 913 122 335 186 161 523 862 0 0 533 998 0 498 518 585 948 0 33 377 158 191 0 705 301 100 616 811 821 0 328 994 661 454 481 44 236 910 500 575 314 687 349 777 58 186 314 587 156 0 915 652 77 814 0 172 0 0 358 880 0 0 892 580 79 0 184 0 238 135 143 0 656 329 193 178 0 628 165 0 0 99 0 610 807 0 232 733 312 771 0 857 342 842 910 42 776 154 295 724 368 
657 915 945 417 504 527 691 0 0 586 929 596 956 690 288 660 337 469 126 20 0 675 0 568 0 0 0 933 949 770 99 561 517 873 475 0 600 4 261 0 254 0 649 0 655 3 279 57 273 956 986 0 908 0 791 718 505 823 0 0 657 516 371 576 888 45 755 538 308 0 0 508 0 32 27 782 872 712 670 84 400 445 887 0 0 733 0 894 787 554 464 112 710 0 548 810 0 5 614 24 987 910 882 0 396 495 425 977 0 101 638 0 948 757 841 92 133 151 781 391 25 837 680 517 715 0 535 108 296 668 880 0 614 0 0 666 731 0 0 504 568 280 707 538 143 721 117 120 537 174 358 880 232 0 0 0 608 0 53 182 0 334 888 727 50 117 147 245 
0 355 0 588 337 571 72 157 12 86 296 827 746 810 0 855 575 0 0 561 929 609 0 930 205 619 359 828 578 0 152 459 0 100 0 840 519 0 631 388 525 914 161 595 43 543 0 439 0 561 969 0 715 721 304 0 0 756 0 349 467 758 281 57 877 151 0 271 0 0 741 836 635 533 517 351 41 704 7 788 0 660 967 451 385 678 11 0 374 486 390 393 540 484 0 0 0 801 981 0 845 587 921 231 892 0 657 965 0 0 0 225 877 359 205 327 490 320 585 0 0 0 935 774 308 0 0 131 0 13 0 776 223 573 292 751 38 99 385 915 846 829 816 893 0 42 53 971 748 15 144 0 733 0 0 0 891 232 0 203 700 820 362 0 692 372 467 982 
814 158 470 0 489 199 847 0 403 598 0 272 0 0 705 481 0 278 283 957 809 984 85 717 461 715 316 304 773 566 764 0 96 480 19 0 136 0 235 749 684 587 838 749 130 95 724 122 590 876 0 923 680 323 0 325 889 998 305 798 717 344 871 0 423 902 0 786 526 786 404 983 0 0 14 415 0 446 517 654 0 0 743 984 37 642 0 693 815 137 379 393 0 807 839 85 999 10 170 0 895 765 401 0 129 0 0 0 0 0 345 37 617 0 999 894 903 0 831 743 0 0 936 0 534 0 484 0 898 0 637 733 437 0 249 0 324 292 0 923 837 30 33 120 107 0 295 132 50 690 189 525 312 0 0 0 0 896 328 285 879 0 563 192 0 732 745 65 
518 464 815 184 300 0 0 286 739 810 722 101 450 0 0 609 891 67 503 0 757 137 115 192 704 0 0 359 0 124 427 65 0 272 583 310 0 434 234 0 0 532 82 601 296 29 99 59 740 803 528 263 439 478 321 0 181 0 768 320 627 929 779 809 468 63 400 903 657 433 896 986 0 607 104 393 0 762 429 350 738 539 96 0 940 0 106 583 892 974 970 501 0 792 0 700 682 127 0 909 823 0 463 0 758 0 373 180 18 960 962 319 527 887 1 213 870 102 0 229 570 941 0 808 40 317 296 135 78 632 0 877 397 12 528 941 311 860 772 778 819 191 0 419 93 0 0 633 219 415 0 198 771 608 891 0 0 0 330 392 632 302 410 128 268 662 517 0 
0 346 173 0 798 928 509 0 0 0 0 376 0 515 828 816 57 0 775 282 730 299 0 0 0 388 395 0 278 172 812 486 586 202 77 690 301 80 0 486 745 765 323 0 554 110 418 0 722 710 0 734 89 0 277 151 752 0 78 262 0 42 0 369 246 0 234 630 0 0 126 405 212 906 688 0 196 3 203 142 774 0 37 347 711 739 131 0 731 540 799 0 175 242 0 518 138 119 502 0 0 323 904 26 922 605 102 67 125 423 376 345 994 597 0 346 959 324 943 585 456 798 0 716 635 0 0 0 0 0 339 593 549 465 478 0 357 618 540 783 780 718 76 515 977 650 735 534 0 184 0 0 0 0 232 896 0 0 827 936 0 434 861 0 469 156 0 300 
630 648 124 357 0 20 241 895 0 0 0 0 0 0 676 265 0 674 0 0 0 0 636 880 456 239 706 0 0 10 0 0 0 0 977 777 881 570 849 304 518 57 613 0 351 911 59 0 591 262 378 648 0 57 763 0 0 806 442 991 0 305 911 234 531 667 0 242 997 0 83 426 845 0 0 0 476 0 710 0 895 228 193 475 840 623 0 0 32 986 0 427 0 104 823 210 664 206 929 0 14 0 618 91 75 780 300 409 781 0 39 933 177 0 0 37 442 892 0 0 628 773 636 63 157 122 798 216 159 0 0 0 795 934 670 0 643 651 0 637 0 324 376 0 702 812 254 443 206 114 107 61 857 53 0 328 330 827 0 529 966 969 783 0 441 643 235 0 
712 935 672 704 0 497 620 676 12 362 553 835 0 591 213 495 538 77 93 813 951 0 0 326 8 328 0 0 855 146 0 14 0 0 188 837 0 498 751 997 544 969 351 0 0 97 0 0 0 602 644 558 0 447 0 57 313 36 0 538 977 397 245 0 0 55 696 24 0 0 0 953 0 0 546 50 170 319 0 0 844 0 526 782 610 89 0 693 893 523 535 208 350 0 0 878 686 0 202 116 211 0 572 0 961 709 0 829 299 671 558 264 798 0 459 97 233 0 0 637 0 810 572 735 253 0 225 823 723 167 458 210 0 152 646 191 675 990 894 683 330 997 0 0 830 230 759 69 0 892 873 0 342 182 203 285 392 936 529 0 198 798 0 0 529 0 479 135 
612 805 49 817 216 497 0 848 305 808 112 211 71 493 0 542 234 0 0 603 90 0 0 652 0 822 270 0 0 413 273 48 766 995 808 541 515 0 0 0 462 0 65 504 151 201 176 712 136 276 0 258 695 945 790 111 41 334 737 650 466 559 808 456 75 0 27 603 0 801 855 0 0 229 506 145 256 420 490 0 158 0 521 670 370 324 874 950 118 427 297 144 554 594 868 536 440 0 0 0 604 986 146 486 19 571 0 150 639 38 0 0 323 958 785 331 196 241 486 133 830 200 551 278 756 295 792 123 495 0 516 439 552 0 546 55 892 47 382 0 331 419 0 984 284 129 0 579 0 0 0 477 842 0 700 879 632 0 966 198 0 848 0 451 891 535 343 14 
899 606 0 175 325 372 551 548 301 35 0 166 0 542 278 0 96 0 188 19 315 283 537 229 873 691 770 336 343 728 753 503 166 725 205 0 260 561 125 424 643 0 0 0 0 714 974 0 0 0 0 583 885 384 0 92 800 0 0 0 68 417 483 224 555 613 700 696 477 628 0 700 776 200 0 473 620 0 0 193 606 726 0 0 0 888 0 0 368 898 705 242 397 564 243 743 873 11 0 337 555 362 207 0 813 824 486 967 946 774 631 799 0 232 0 0 353 0 538 197 178 498 0 195 179 648 434 188 0 0 263 525 762 977 0 911 0 0 916 0 815 325 514 887 0 963 734 19 62 779 74 979 910 334 820 0 302 434 969 798 848 0 587 0 0 0 474 0 
822 0 317 94 508 349 166 558 438 384 0 0 189 0 118 696 416 888 804 380 0 401 0 107 596 0 0 910 127 347 466 131 422 344 547 0 382 0 982 129 923 0 163 178 0 0 0 660 323 958 685 0 283 101 710 513 949 308 504 127 637 0 48 0 569 0 807 269 396 0 10 394 826 0 0 0 0 935 756 944 963 0 186 104 97 730 0 0 479 247 741 940 250 467 552 0 435 959 0 0 880 23 0 0 360 515 943 0 516 149 0 852 82 0 0 0 350 773 270 516 758 807 0 458 951 851 253 128 0 269 52 350 108 176 755 472 0 716 0 594 913 746 933 743 273 757 0 45 139 711 784 990 42 888 362 563 410 861 783 0 0 587 0 720 0 294 391 887 
981 600 0 642 0 0 987 614 725 0 527 0 311 917 670 707 0 382 884 478 455 783 121 714 426 0 872 332 940 565 0 500 943 515 211 395 0 839 0 421 439 493 232 0 497 280 70 194 799 935 520 0 667 828 394 479 0 344 947 0 636 0 395 620 985 487 721 888 452 662 30 185 361 315 617 987 578 194 0 0 0 859 732 445 0 946 803 0 726 814 159 0 776 231 906 191 791 0 911 797 0 0 727 72 500 704 977 0 267 623 0 0 226 463 539 893 610 768 918 267 311 0 106 0 469 835 949 732 617 395 864 548 0 542 548 89 14 468 378 846 481 342 968 295 0 28 475 939 985 572 274 635 776 727 0 192 128 0 0 0 451 0 720 0 894 255 0 0 
548 101 196 931 928 0 670 99 673 104 228 0 0 290 666 416 0 720 108 0 0 0 747 0 114 921 0 882 0 79 0 13 171 812 104 846 975 836 357 776 761 784 299 798 0 919 287 537 975 69 710 24 48 8 0 799 990 256 164 323 358 803 748 733 163 690 303 102 0 0 443 283 297 459 219 0 404 871 0 589 874 607 782 0 403 598 494 141 0 0 881 979 0 353 458 448 577 86 672 720 67 0 125 696 752 0 613 655 3 899 620 393 57 397 37 817 891 945 201 716 937 447 0 114 626 946 0 928 0 841 300 0 291 0 481 439 568 82 0 638 121 0 264 0 343 854 203 612 2 656 809 885 154 50 692 0 268 469 441 529 891 0 0 894 0 627 0 977 
0 831 552 963 999 47 610 0 967 587 434 0 298 397 457 0 506 156 0 681 949 53 0 42 128 730 602 744 858 0 184 681 579 206 113 489 54 44 705 811 924 433 385 494 360 5 166 338 66 751 244 730 758 679 0 0 438 998 293 489 272 0 43 136 353 679 0 637 0 0 182 0 627 911 258 335 312 918 0 0 366 925 624 879 0 571 648 788 998 339 906 0 926 840 783 983 290 470 0 0 101 475 0 893 270 0 902 817 869 396 358 0 674 405 698 0 0 0 54 94 311 237 0 743 0 715 423 0 634 35 0 452 616 56 0 631 914 108 488 0 109 0 359 904 930 981 655 0 895 0 518 29 295 117 372 732 662 156 643 0 535 0 294 255 627 0 512 587 
514 933 743 0 0 0 799 0 0 0 571 992 653 330 251 85 375 0 987 310 340 546 725 0 173 0 691 930 699 719 582 387 224 655 997 865 703 701 0 0 527 759 207 89 309 0 526 952 0 0 853 485 213 346 104 743 364 764 690 0 211 230 0 687 430 604 295 786 0 0 617 390 747 0 673 0 503 658 137 0 0 987 300 417 874 420 991 705 52 11 0 133 639 27 974 403 0 956 784 349 0 495 96 673 497 483 673 717 67 0 164 0 21 0 287 136 243 461 599 0 602 747 14 141 992 674 252 666 602 0 179 0 307 874 832 315 990 0 543 638 170 557 142 742 0 0 601 814 0 503 265 659 724 147 467 745 517 0 235 479 343 474 391 0 0 512 0 0 
194 0 250 669 0 605 743 204 601 450 0 337 0 606 0 0 493 84 101 347 899 293 572 917 0 0 612 51 293 34 417 962 170 272 0 204 0 776 0 668 0 282 597 854 855 834 19 86 0 0 284 467 292 845 149 520 324 0 747 440 808 0 165 0 795 0 518 0 599 798 276 675 0 880 972 729 0 0 0 0 864 770 0 896 876 0 651 744 472 850 994 0 852 121 173 0 756 0 646 0 976 0 694 988 135 246 0 0 633 616 0 711 0 372 477 44 0 0 5 293 0 957 328 0 796 721 657 971 0 26 335 436 885 740 401 265 962 32 968 221 614 466 202 222 965 0 0 198 644 326 106 709 368 245 982 65 0 300 0 135 14 0 887 0 977 587 0 0 
