0 212 0 0 627 738 26 0 0 0 597 432 624 377 55 671 713 0 484 0 53 0 398 647 675 407 0 509 0 788 961 390 215 0 0 108 98 0 543 971 243 0 475 0 420 334 387 940 15 535 594 202 216 28 560 0 804 331 602 0 652 822 562 0 369 548 0 0 0 307 572 0 367 340 292 0 231 134 829 0 0 0 0 736 0 521 106 735 359 289 0 544 0 589 816 791 244 253 459 0 24 246 0 296 81 24 727 132 414 0 0 224 423 861 615 872 0 149 245 0 289 351 847 0 820 493 49 757 0 0 730 457 290 0 0 190 10 347 822 410 
212 0 0 984 474 801 123 0 44 13 0 0 0 880 742 0 0 0 696 853 0 0 0 827 391 730 634 415 515 731 0 0 0 170 446 594 318 699 170 294 871 134 0 991 0 0 554 328 50 8 322 279 771 42 407 0 0 176 0 0 334 764 0 0 793 756 603 871 933 410 0 0 443 310 805 758 815 272 0 814 598 0 867 69 654 0 161 182 899 71 0 88 0 604 0 668 777 23 733 773 0 586 0 365 395 332 367 201 833 0 0 0 0 290 0 0 0 40 0 995 0 249 551 127 396 236 46 0 38 0 543 73 367 0 294 433 76 502 655 402 
0 0 0 0 884 314 0 0 0 0 0 0 149 0 0 55 448 453 496 0 76 0 926 331 591 172 0 859 106 233 34 515 990 636 65 598 69 236 268 252 428 0 0 340 0 933 0 34 872 0 0 601 550 482 47 0 0 633 0 24 488 861 4 251 0 549 58 798 0 0 0 53 270 807 229 0 359 245 0 7 223 585 418 0 0 465 580 0 0 40 933 786 0 0 602 193 0 0 0 0 413 0 226 544 745 770 205 66 0 0 131 454 954 819 478 987 173 791 876 676 0 637 641 0 0 0 697 0 663 0 0 290 0 984 745 497 929 252 499 506 
0 984 0 0 57 951 699 0 0 277 325 231 0 677 245 0 457 142 0 0 598 0 93 754 203 428 125 825 0 0 284 176 744 375 120 421 321 534 594 0 656 322 173 446 807 0 175 248 466 415 912 307 0 541 717 770 849 47 669 637 24 931 423 0 589 0 927 720 0 290 506 0 860 666 525 264 831 113 0 130 287 833 552 884 360 629 225 0 0 0 539 244 0 0 511 884 411 0 0 0 71 320 286 532 489 517 0 535 192 464 609 970 116 192 586 492 0 0 0 273 9 920 174 771 232 0 496 473 968 179 374 676 0 447 158 271 628 244 429 0 
627 474 884 57 0 0 457 8 0 431 0 0 174 831 788 516 0 47 146 975 946 816 614 17 711 311 503 0 121 873 908 316 491 368 0 0 505 363 205 789 838 746 236 904 422 128 0 229 744 468 0 962 932 649 875 582 0 607 941 947 0 0 93 184 359 11 137 519 0 946 944 982 811 999 0 889 366 156 27 0 987 798 836 200 481 776 384 44 814 0 561 693 490 3 708 190 285 818 651 355 351 177 311 736 0 0 540 401 600 0 214 0 417 0 981 0 0 0 904 791 325 503 889 0 844 0 0 26 961 621 186 0 854 138 375 973 0 150 450 772 
738 801 314 951 0 0 362 0 238 0 422 376 0 0 976 99 309 650 259 460 0 429 955 743 904 648 761 0 599 299 235 866 0 261 78 550 440 414 975 421 759 587 524 0 0 0 38 188 55 651 555 969 0 0 732 0 990 0 342 767 0 833 277 0 940 0 966 572 166 0 0 0 111 260 986 0 784 220 426 993 514 658 326 803 192 287 0 0 721 949 642 499 0 690 955 0 956 464 739 241 0 887 647 664 0 0 564 539 608 0 0 0 520 520 878 0 738 0 379 243 264 257 0 987 945 485 547 730 218 681 0 177 707 0 0 299 871 0 150 64 
26 123 0 699 457 362 0 963 154 446 375 222 621 832 339 373 498 519 906 0 438 0 539 221 357 340 7 591 975 722 210 547 314 0 0 81 0 297 963 876 902 245 0 14 852 0 934 242 0 394 444 430 920 0 215 586 858 530 0 0 471 271 0 741 851 0 594 572 0 905 937 468 0 0 52 247 15 556 672 993 687 841 0 172 694 791 79 0 848 667 148 269 835 684 776 136 700 0 680 704 0 946 0 0 882 346 0 0 212 0 863 367 491 219 0 590 0 935 530 479 0 90 804 980 183 0 713 644 43 506 220 0 797 0 619 0 634 0 527 291 
0 0 0 0 8 0 963 0 336 958 0 689 343 788 269 746 653 956 43 748 310 0 310 670 680 299 152 865 879 303 803 995 879 0 678 650 187 697 473 569 0 568 0 597 847 418 629 307 209 825 209 400 0 481 0 331 439 462 785 85 0 360 698 662 299 590 0 22 625 250 339 0 154 0 782 213 396 0 270 864 0 441 874 981 190 0 0 505 120 399 115 729 0 972 154 0 681 639 841 932 629 547 105 0 686 917 852 495 147 53 566 889 437 0 891 134 809 0 358 0 955 766 30 0 709 522 570 690 706 255 303 180 943 162 559 55 113 668 0 282 
0 44 0 0 0 238 154 336 0 880 659 0 535 995 404 0 509 0 310 414 0 0 147 640 277 439 629 0 217 40 657 422 378 106 351 0 774 955 682 0 333 0 0 917 965 592 331 820 0 698 582 160 670 948 709 847 324 204 655 77 171 494 191 0 21 486 686 0 238 658 0 262 0 959 988 904 749 849 839 0 674 226 279 4 0 755 514 0 0 0 0 345 0 0 795 659 181 999 556 833 271 740 403 32 128 0 134 625 835 473 149 69 797 860 0 865 0 378 515 0 0 0 806 0 975 0 720 86 951 184 57 529 962 0 725 906 0 0 450 733 
0 13 0 277 431 0 446 958 880 0 801 0 723 0 275 954 377 424 654 0 482 528 663 157 255 0 498 180 484 153 630 526 0 269 0 413 205 245 0 0 938 0 0 36 166 0 548 0 0 0 0 763 0 333 490 717 388 365 43 294 26 975 0 843 0 331 746 547 291 0 479 0 0 0 0 987 844 342 712 0 0 12 506 629 901 190 421 504 0 201 237 8 0 567 313 2 821 413 968 0 717 41 723 486 0 765 0 0 487 582 971 429 560 251 263 26 793 0 0 0 0 603 427 0 26 938 719 578 452 63 814 0 270 342 64 470 108 499 0 331 
597 0 0 325 0 422 375 0 659 801 0 0 979 208 0 610 0 0 196 473 10 938 0 340 695 722 503 635 0 607 921 968 651 375 140 0 19 585 0 196 456 990 0 113 680 322 868 419 0 0 0 787 310 776 823 9 469 142 285 0 0 606 982 380 0 699 298 414 0 0 0 197 0 668 0 237 622 0 216 656 385 158 0 405 0 988 3 14 135 883 0 0 0 894 297 0 311 967 862 549 429 9 922 397 0 907 0 0 615 357 821 94 0 37 0 741 889 869 667 404 245 0 301 966 890 0 951 0 715 818 794 123 901 280 996 421 38 576 213 226 
432 0 0 231 0 376 222 689 0 0 0 0 712 730 642 490 0 356 0 0 0 96 772 609 270 871 0 935 36 32 910 345 0 0 0 216 0 195 0 343 688 0 771 425 291 253 0 758 0 339 451 350 0 0 95 361 758 779 304 786 314 597 268 980 193 250 676 702 711 819 387 30 0 916 251 0 914 362 334 0 877 0 402 657 988 892 918 0 30 599 0 413 0 0 229 455 217 734 341 0 395 982 640 379 0 309 166 861 617 0 757 445 899 232 737 749 302 743 683 747 936 548 712 149 887 214 875 826 767 121 364 257 456 346 644 959 0 736 0 359 
624 0 149 0 174 0 621 343 535 723 979 712 0 955 633 100 760 582 856 292 156 984 971 694 0 637 665 994 0 417 0 92 158 803 0 0 307 0 462 502 644 48 0 305 835 949 640 676 881 972 0 701 0 32 0 677 137 527 605 637 169 977 893 305 0 0 0 0 0 948 87 912 0 0 943 0 817 0 0 277 545 43 217 368 572 0 961 0 231 86 172 602 269 313 548 0 27 36 844 82 665 168 182 0 488 0 0 268 444 0 256 107 0 796 88 272 0 0 283 405 679 299 936 745 0 213 736 938 338 688 0 720 272 818 522 952 0 411 0 645 
377 880 0 677 831 0 832 788 995 0 208 730 955 0 686 0 41 647 29 466 0 318 0 0 825 0 0 0 211 799 0 290 865 949 0 482 902 0 578 0 76 0 0 848 792 297 171 374 489 60 118 0 185 0 858 270 904 672 520 506 0 668 0 0 42 0 42 0 139 941 383 933 772 177 249 0 0 668 0 586 0 752 464 0 730 962 498 744 862 0 0 923 20 0 604 342 402 241 0 191 277 449 0 619 0 0 668 531 845 0 947 967 328 880 0 156 779 934 592 644 0 706 0 210 591 211 0 829 848 0 541 96 0 544 983 933 0 777 0 373 
55 742 0 245 788 976 339 269 404 275 0 642 633 686 0 71 133 169 0 683 789 533 586 0 953 959 723 66 284 691 302 7 745 0 884 763 891 971 0 243 953 0 0 210 301 0 849 211 382 0 60 383 0 337 875 620 915 774 0 695 300 53 92 0 747 944 822 960 193 0 610 807 577 465 0 0 0 213 136 0 902 42 0 691 101 575 731 245 0 824 762 936 0 25 17 626 618 0 0 0 537 858 950 0 744 598 425 107 421 904 64 807 388 108 0 73 60 0 39 474 356 264 0 0 7 276 0 0 0 0 491 825 309 928 677 592 645 0 0 685 
671 0 55 0 516 99 373 746 0 954 610 490 100 0 71 0 317 543 524 733 0 964 710 95 721 228 857 948 0 666 369 609 0 0 713 0 356 0 0 0 751 497 534 0 0 191 0 193 0 604 0 617 0 0 838 538 704 416 290 998 176 489 568 0 507 903 365 351 15 35 588 20 0 5 590 378 546 255 0 315 839 429 755 42 123 0 532 635 533 807 410 0 55 945 869 821 108 998 979 626 475 0 0 0 600 662 469 826 599 896 448 0 0 19 373 297 947 99 338 0 837 317 0 16 53 227 822 344 303 78 0 200 0 832 669 0 979 0 0 0 
713 0 448 457 0 309 498 653 509 377 0 0 760 41 133 317 0 0 366 0 507 39 405 581 105 408 0 709 722 324 804 576 915 461 766 0 0 225 730 0 567 345 148 363 722 421 0 347 0 0 826 595 44 357 169 421 918 0 0 214 943 0 911 0 823 136 411 0 144 553 846 681 516 508 396 0 592 392 22 265 318 868 543 574 954 913 0 292 216 244 0 642 866 798 403 0 0 16 0 0 565 250 899 0 571 502 392 15 947 65 0 817 467 0 123 336 753 934 356 0 0 877 109 953 0 0 3 225 967 356 0 0 0 14 117 0 89 0 0 905 
0 0 453 142 47 650 519 956 0 424 0 356 582 647 169 543 0 0 241 899 0 550 526 724 401 819 266 687 0 1 527 24 722 912 747 612 0 56 82 0 12 942 227 332 818 634 0 614 322 0 0 0 0 934 498 670 0 0 875 110 126 828 165 419 0 439 997 209 586 0 224 761 858 908 487 763 222 267 116 49 99 0 911 108 718 146 446 965 924 0 0 673 386 0 874 545 132 362 566 387 337 0 421 0 0 321 0 0 965 555 673 0 419 821 725 351 262 91 916 932 0 634 731 0 812 744 398 0 222 532 22 639 0 193 32 706 361 0 0 34 
484 696 496 0 146 259 906 43 310 654 196 0 856 29 0 524 366 241 0 0 912 0 663 582 970 3 912 382 0 892 844 471 0 0 436 334 571 139 650 685 193 0 0 811 687 513 0 0 942 0 706 48 818 194 894 0 997 627 918 0 684 310 0 218 236 8 640 451 56 146 0 41 85 0 571 291 7 0 0 806 129 376 619 0 854 123 0 0 40 418 0 259 635 734 0 536 755 284 503 327 503 353 0 0 677 281 512 532 0 761 535 0 981 288 376 365 965 861 0 0 266 918 704 702 676 0 648 0 228 846 750 946 976 0 902 816 0 397 380 264 
0 853 0 0 975 460 0 748 414 0 473 0 292 466 683 733 0 899 0 0 848 0 944 106 467 929 253 268 466 0 521 532 550 871 0 267 0 362 0 0 539 198 0 218 332 126 543 627 0 345 227 107 782 585 703 949 0 0 0 357 935 566 168 0 7 0 0 984 625 760 147 0 983 885 484 0 969 219 417 332 0 0 982 56 843 193 322 101 574 0 0 650 740 999 152 304 0 0 420 0 673 233 419 346 0 575 70 382 724 558 394 202 896 157 277 72 0 0 932 728 0 205 621 37 707 923 413 0 210 769 33 0 81 0 65 34 294 796 645 612 
53 0 76 598 946 0 438 310 0 482 10 0 156 0 789 0 507 0 912 848 0 0 290 0 0 456 70 494 785 0 790 497 77 182 353 0 661 563 878 816 567 0 243 65 0 226 294 361 0 926 510 0 787 0 209 737 0 292 164 114 901 144 284 380 238 656 534 0 894 0 0 777 359 612 122 264 0 448 0 438 426 28 303 169 255 328 0 531 0 952 423 806 383 556 423 559 0 627 725 0 0 217 202 0 207 202 692 368 0 950 87 0 155 750 796 973 526 725 749 521 415 94 688 407 284 78 517 608 262 712 0 644 0 39 411 246 0 276 626 944 
0 0 0 0 816 429 0 0 0 528 938 96 984 318 533 964 39 550 0 0 0 0 391 545 287 19 381 286 638 583 32 152 0 0 46 296 766 451 505 652 4 615 941 618 445 107 213 645 0 0 943 318 857 168 271 0 595 0 690 651 666 0 863 16 329 552 163 0 618 634 215 0 0 61 469 898 338 948 482 0 189 0 736 856 106 0 549 506 0 582 0 938 820 743 967 56 181 402 721 918 119 0 345 0 0 617 0 112 550 357 0 0 0 12 533 0 906 374 759 573 909 873 270 0 959 290 990 705 248 0 0 0 704 658 349 945 434 546 355 875 
398 0 926 93 614 955 539 310 147 663 0 772 971 0 586 710 405 526 663 944 290 391 0 137 0 126 643 0 0 385 936 0 259 198 751 595 390 0 367 929 0 0 636 168 564 701 0 435 0 843 253 0 240 558 337 847 818 0 883 608 0 0 0 245 355 332 332 402 525 202 637 670 225 698 523 736 353 349 49 757 257 0 0 0 0 985 113 964 1 906 0 935 512 607 233 728 0 0 232 123 983 0 311 189 653 0 320 0 721 0 538 0 0 471 178 32 590 663 836 285 129 0 0 20 964 0 200 0 473 800 706 58 905 0 176 863 317 559 0 291 
647 827 331 754 17 743 221 670 640 157 340 609 694 0 0 95 581 724 582 106 0 545 137 0 519 806 151 463 634 980 370 442 157 156 372 207 382 6 174 0 3 578 302 0 314 104 227 819 823 574 0 494 534 467 521 609 847 482 0 343 429 0 335 547 774 0 734 692 124 164 660 761 453 941 231 760 0 53 173 833 689 592 120 995 231 717 378 632 729 275 0 18 698 971 242 97 697 662 319 830 71 912 579 247 839 187 724 0 24 413 76 8 0 126 273 331 108 462 0 0 227 556 0 0 894 16 601 626 309 225 826 990 635 0 955 0 0 43 0 122 
675 391 591 203 711 904 357 680 277 255 695 270 0 825 953 721 105 401 970 467 0 287 0 519 0 159 542 73 654 0 0 673 898 0 146 606 104 362 68 225 147 595 646 397 937 484 531 372 847 922 0 0 320 73 875 334 171 413 39 0 656 0 528 0 0 0 331 311 860 490 300 986 780 0 820 642 0 130 351 123 956 247 134 0 283 224 634 0 445 676 625 429 0 0 55 32 568 802 87 380 94 525 734 775 0 446 0 109 0 387 497 0 0 130 375 485 0 996 60 85 0 0 491 15 0 29 0 0 562 59 248 0 489 0 482 0 183 0 990 0 
407 730 172 428 311 648 340 299 439 0 722 871 637 0 959 228 408 819 3 929 456 19 126 806 159 0 12 0 154 293 843 971 0 361 470 729 397 0 72 824 0 0 340 600 373 952 0 391 223 663 851 192 0 147 0 723 0 380 317 232 812 86 890 0 858 552 561 570 900 928 513 0 926 159 431 181 0 0 658 989 938 419 914 175 441 158 634 408 52 944 883 594 121 0 0 185 991 495 0 624 800 46 426 924 655 499 762 780 0 713 87 417 831 963 184 721 502 928 820 642 984 19 277 0 0 214 735 188 0 211 876 407 729 0 0 494 666 794 0 0 
0 634 0 125 503 761 7 152 629 498 503 0 665 0 723 857 0 266 912 253 70 381 643 151 542 12 0 247 936 334 682 518 150 256 0 601 269 331 364 327 11 752 0 988 113 773 0 607 487 310 772 0 272 261 514 111 0 0 9 0 0 449 105 0 0 429 496 566 423 840 513 0 974 119 727 0 567 54 428 489 794 448 783 0 350 154 554 932 0 0 427 206 0 938 0 992 704 217 585 453 467 272 554 0 176 0 559 198 325 603 714 608 104 0 941 653 789 825 0 0 80 411 864 0 208 0 579 497 951 0 0 706 590 283 400 505 252 0 449 0 
509 415 859 825 0 0 591 865 0 180 635 935 994 0 66 948 709 687 382 268 494 286 0 463 73 0 247 0 642 284 667 961 13 332 0 623 0 671 45 485 618 99 365 606 0 928 377 808 0 450 285 437 57 0 919 332 824 309 339 380 82 424 0 0 7 580 340 858 32 692 371 104 0 0 851 787 92 866 0 558 184 997 0 0 799 309 875 844 0 969 201 828 870 0 0 25 217 0 207 278 201 2 0 449 206 211 827 0 912 0 135 633 397 387 74 0 248 908 0 328 990 111 73 294 562 268 0 836 976 0 707 382 99 0 953 704 380 0 43 0 
0 515 106 0 121 599 975 879 217 484 0 36 0 211 284 0 722 0 0 466 785 638 0 634 654 154 936 642 0 0 0 376 161 192 525 865 268 771 0 147 0 73 263 31 0 315 930 762 0 428 376 255 823 634 265 257 0 0 511 988 769 354 0 696 719 807 74 564 735 615 815 860 0 336 0 787 975 562 143 0 0 73 0 420 908 92 551 22 401 43 5 172 0 132 398 568 0 934 739 786 852 56 43 683 96 1 531 750 0 790 0 0 0 0 0 310 267 61 233 0 392 147 648 617 704 530 647 881 0 377 293 318 234 0 508 553 372 76 794 998 
788 731 233 0 873 299 722 303 40 153 607 32 417 799 691 666 324 1 892 0 0 583 385 980 0 293 334 284 0 0 996 0 0 18 0 625 409 0 723 901 0 366 357 0 593 943 980 980 0 456 278 0 95 938 485 0 251 747 584 0 36 787 949 177 470 451 136 454 514 0 0 374 0 391 0 0 258 74 0 72 0 375 0 958 506 717 716 818 103 0 0 0 168 376 234 489 461 445 195 0 546 623 70 103 0 243 0 338 263 58 703 3 670 0 628 0 97 0 0 721 337 795 941 191 320 613 105 365 0 601 397 118 619 732 0 421 0 594 0 172 
961 0 34 284 908 235 210 803 657 630 921 910 0 0 302 369 804 527 844 521 790 32 936 370 0 843 682 667 0 996 0 252 606 131 881 0 846 289 988 620 429 0 0 887 208 547 0 561 692 895 0 991 883 55 203 816 0 785 604 0 569 785 726 735 0 915 0 266 975 0 734 26 0 627 0 0 571 123 479 296 0 4 494 275 41 0 60 0 338 323 316 927 301 0 0 258 36 404 462 42 470 935 664 275 604 387 476 0 655 257 0 271 230 657 700 430 0 301 406 723 688 308 859 760 356 0 967 0 389 865 0 366 121 573 553 617 0 991 49 799 
390 0 515 176 316 866 547 995 422 526 968 345 92 290 7 609 576 24 471 532 497 152 0 442 673 971 518 961 376 0 252 0 355 0 0 0 370 433 0 813 664 280 0 367 0 0 20 0 105 432 506 734 645 0 89 687 100 220 593 393 821 61 0 286 348 0 735 0 879 879 366 888 954 855 972 717 584 0 742 396 357 0 885 634 0 953 0 269 0 0 757 875 243 396 314 537 192 167 95 380 687 0 435 0 0 0 0 0 38 185 56 0 77 538 0 658 0 308 899 256 532 722 0 612 0 843 901 615 48 541 54 269 0 405 0 577 0 966 914 375 
215 0 990 744 491 0 314 879 378 0 651 0 158 865 745 0 915 722 0 550 77 0 259 157 898 0 150 13 161 0 606 355 0 965 410 0 689 0 627 262 157 0 178 459 140 0 416 0 296 305 45 558 621 635 482 840 919 879 374 349 347 0 0 0 113 0 0 8 590 110 0 0 610 0 222 90 971 685 770 0 26 116 54 342 0 0 0 833 275 0 55 352 506 920 218 962 0 642 0 162 152 656 156 94 379 588 758 841 758 15 956 653 0 224 0 591 412 194 181 0 204 0 325 279 872 949 671 62 687 0 795 0 0 617 706 251 70 678 264 912 
0 170 636 375 368 261 0 0 106 269 375 0 803 949 0 0 461 912 0 871 182 0 198 156 0 361 256 332 192 18 131 0 965 0 591 0 256 208 0 15 695 0 0 730 303 0 791 199 347 56 196 0 203 63 623 0 283 0 835 167 462 575 621 107 424 790 511 422 410 0 244 395 707 0 0 430 160 260 0 0 0 653 0 772 715 0 898 124 552 0 0 632 851 208 0 0 0 762 934 310 485 0 11 286 705 462 0 602 779 816 788 910 555 615 759 0 311 278 0 0 367 0 993 959 0 641 505 0 788 167 142 375 198 931 0 475 474 948 282 990 
0 446 65 120 0 78 0 678 351 0 140 0 0 0 884 713 766 747 436 0 353 46 751 372 146 470 0 0 525 0 881 0 410 591 0 304 0 32 0 0 262 0 277 160 869 552 37 693 992 815 0 876 338 0 709 323 955 919 888 0 90 552 488 551 679 0 446 319 0 597 0 482 62 14 90 717 850 230 717 258 75 377 0 381 770 242 0 480 0 0 697 540 607 252 0 418 615 0 525 463 954 44 0 724 166 449 832 0 0 530 882 0 731 240 904 0 581 643 0 601 910 677 350 267 874 539 0 401 826 581 353 369 577 615 775 306 0 188 448 0 
108 594 598 421 0 550 81 650 0 413 0 216 0 482 763 0 0 612 334 267 0 296 595 207 606 729 601 623 865 625 0 0 0 0 304 0 921 412 0 550 40 0 496 0 609 872 736 708 258 253 610 87 143 331 0 478 504 823 0 53 0 0 249 36 117 731 0 0 189 550 158 901 722 33 437 921 477 12 685 868 96 381 393 161 32 545 0 8 0 0 237 578 456 515 708 0 974 0 0 0 935 0 699 859 460 486 0 0 110 407 233 0 723 0 49 0 0 692 607 85 803 104 932 501 0 551 0 0 781 823 325 551 405 13 637 0 0 106 271 692 
98 318 69 321 505 440 0 187 774 205 19 0 307 902 891 356 0 0 571 0 661 766 390 382 104 397 269 0 268 409 846 370 689 256 0 921 0 0 153 489 724 0 376 338 711 107 569 828 0 218 265 774 0 21 114 570 390 251 421 230 98 48 906 30 26 852 0 475 776 575 157 38 472 0 151 657 114 973 795 767 656 602 0 830 0 716 0 0 829 550 935 892 233 545 642 327 106 549 773 567 208 0 0 617 199 817 775 0 96 810 265 290 240 630 768 0 444 90 651 489 186 30 957 0 179 667 0 345 23 400 0 823 57 998 143 896 760 486 323 0 
0 699 236 534 363 414 297 697 955 245 585 195 0 0 971 0 225 56 139 362 563 451 0 6 362 0 331 671 771 0 289 433 0 208 32 412 0 0 131 0 569 483 0 826 0 0 252 6 320 212 416 891 881 190 0 308 753 595 0 0 0 0 945 288 303 665 464 99 696 958 576 673 279 660 0 686 316 372 13 0 0 136 513 151 592 0 363 0 153 0 879 0 765 407 98 812 0 809 757 221 627 464 695 257 113 660 0 619 184 584 84 708 247 709 0 684 0 0 0 174 491 737 306 962 660 249 0 407 716 631 0 341 600 0 502 160 318 196 755 0 
543 170 268 594 205 975 963 473 682 0 0 0 462 578 0 0 730 82 650 0 878 505 367 174 68 72 364 45 0 723 988 0 627 0 0 0 153 131 0 114 284 595 924 499 0 0 202 113 663 433 0 658 84 384 715 685 653 950 0 0 260 195 502 0 0 572 2 897 992 619 0 345 329 601 329 0 466 989 0 974 13 0 539 287 0 363 167 5 740 788 176 288 81 760 208 0 744 0 244 487 672 845 0 520 0 0 759 186 0 538 455 863 314 0 740 604 655 181 0 999 23 46 37 288 473 813 844 572 0 572 260 804 878 876 110 0 330 0 611 0 
971 294 252 0 789 421 876 569 0 0 196 343 502 0 243 0 0 0 685 0 816 652 929 0 225 824 327 485 147 901 620 813 262 15 0 550 489 0 114 0 0 138 814 438 0 0 0 455 866 17 102 461 273 643 0 429 261 0 230 861 0 437 184 0 33 802 861 852 569 0 321 257 0 0 0 0 0 991 616 741 958 387 304 239 0 0 0 705 510 229 346 0 705 373 591 781 0 136 544 142 0 694 0 433 0 227 267 0 789 0 36 585 185 941 445 335 598 0 0 338 468 0 274 662 0 895 36 363 89 416 889 461 0 86 489 766 79 246 532 577 
243 871 428 656 838 759 902 0 333 938 456 688 644 76 953 751 567 12 193 539 567 4 0 3 147 0 11 618 0 0 429 664 157 695 262 40 724 569 284 0 0 0 716 660 322 617 0 297 0 729 117 335 461 184 835 952 953 120 0 420 0 21 25 0 81 355 231 0 828 0 55 0 0 947 368 0 699 972 770 0 31 0 104 326 607 296 443 628 361 782 290 211 0 892 240 0 916 414 259 0 184 714 0 227 85 449 234 396 688 0 811 115 0 190 116 355 0 0 747 534 761 343 693 413 720 985 0 0 621 864 4 111 0 193 595 690 0 549 94 321 
0 134 0 322 746 587 245 568 0 0 990 0 48 0 0 497 345 942 0 198 0 615 0 578 595 0 752 99 73 366 0 280 0 0 0 0 0 483 595 138 0 0 0 423 295 818 0 616 163 944 980 0 142 799 444 81 317 0 0 385 926 718 585 799 0 628 0 76 489 653 0 154 723 752 0 948 316 279 12 654 812 640 0 388 935 270 0 517 891 136 899 826 667 0 0 131 0 0 872 807 608 894 416 37 392 0 935 685 551 684 177 0 220 0 949 988 578 703 898 633 784 49 398 271 593 0 945 611 57 171 695 313 935 0 247 860 958 230 222 472 
475 0 0 173 236 524 0 0 0 0 0 771 0 0 0 534 148 227 0 0 243 941 636 302 646 340 0 365 263 357 0 0 178 0 277 496 376 0 924 814 716 0 0 435 374 732 0 875 284 378 0 977 718 738 98 757 507 267 664 347 422 315 0 0 20 801 140 931 0 780 0 0 914 0 378 855 165 664 419 500 375 0 672 547 0 883 0 822 169 112 777 121 0 0 317 462 386 629 748 308 869 0 611 282 0 0 903 502 480 55 0 225 0 125 139 290 604 0 980 0 817 158 0 0 44 217 276 0 187 211 448 894 350 154 144 466 0 0 8 343 
0 991 340 446 904 0 14 597 917 36 113 425 305 848 210 0 363 332 811 218 65 618 168 0 397 600 988 606 31 0 887 367 459 730 160 0 338 826 499 438 660 423 435 0 463 311 650 535 730 844 0 403 706 819 259 818 413 0 0 21 0 748 666 253 156 282 694 963 0 779 482 0 0 0 111 605 781 0 0 886 846 733 0 0 767 0 610 674 211 65 0 939 0 0 143 68 151 266 701 764 850 0 842 0 0 149 448 174 0 799 521 356 691 313 372 0 873 96 0 779 0 271 700 844 33 881 0 165 0 0 454 0 173 47 383 62 437 842 148 0 
420 0 0 807 422 0 852 847 965 166 680 291 835 792 301 0 722 818 687 332 0 445 564 314 937 373 113 0 0 593 208 0 140 303 869 609 711 0 0 0 322 295 374 463 0 700 0 449 467 258 0 802 895 69 0 871 441 337 0 889 823 0 316 192 976 201 66 0 992 0 0 0 0 172 510 69 640 638 0 0 667 147 455 0 771 833 0 259 617 562 531 646 0 0 528 0 0 74 0 650 360 651 185 0 0 0 0 590 148 572 0 289 199 669 449 280 935 0 782 842 825 743 903 140 0 714 17 333 0 0 953 757 843 395 0 659 0 264 402 457 
334 0 933 0 128 0 0 418 592 0 322 253 949 297 0 191 421 634 513 126 226 107 701 104 484 952 773 928 315 943 547 0 0 0 552 872 107 0 0 0 617 818 732 311 700 0 515 984 0 478 0 269 0 607 0 593 905 813 238 0 106 70 144 511 380 966 0 60 0 0 748 739 925 879 639 17 196 208 624 0 973 846 452 0 995 282 200 0 844 293 468 0 349 36 440 295 897 383 24 607 288 430 316 866 549 980 0 14 376 87 0 580 0 0 0 245 472 0 257 314 736 306 149 171 806 0 0 84 92 886 659 34 187 589 27 731 919 719 773 0 
387 554 0 175 0 38 934 629 331 548 868 0 640 171 849 0 0 0 0 543 294 213 0 227 531 0 0 377 930 980 0 20 416 791 37 736 569 252 202 0 0 0 0 650 0 515 0 352 45 0 0 124 470 0 278 429 43 148 760 0 896 114 873 0 0 0 68 0 700 0 0 977 179 0 933 103 431 924 561 475 547 726 0 203 514 191 974 991 0 259 50 565 0 473 0 578 190 720 452 0 0 64 500 482 930 0 332 0 439 0 382 347 95 0 456 923 926 994 346 917 0 886 941 0 0 606 312 8 188 694 761 316 439 0 0 458 0 474 700 772 
940 328 34 248 229 188 242 307 820 0 419 758 676 374 211 193 347 614 0 627 361 645 435 819 372 391 607 808 762 980 561 0 0 199 693 708 828 6 113 455 297 616 875 535 449 984 352 0 914 223 0 0 0 810 0 452 818 481 925 706 963 0 311 0 441 50 475 898 20 115 418 781 148 94 168 872 0 814 652 62 0 849 863 903 418 0 429 486 166 324 139 816 269 0 960 415 0 789 514 311 95 598 933 379 220 0 580 702 552 284 0 368 239 959 79 98 560 0 140 0 967 455 946 131 29 597 343 0 787 0 193 0 725 232 361 976 984 0 0 72 
15 50 872 466 744 55 0 209 0 0 0 0 881 489 382 0 0 322 942 0 0 0 0 823 847 223 487 0 0 0 692 105 296 347 992 258 0 320 663 866 0 163 284 730 467 0 45 914 0 430 7 206 0 724 941 277 464 554 155 0 437 0 757 183 0 652 0 714 638 669 100 0 458 888 676 197 0 833 374 774 959 783 774 390 209 906 337 141 693 157 578 950 11 338 478 355 0 844 0 77 691 0 42 601 0 906 229 854 757 0 427 630 125 442 905 753 0 382 398 317 576 572 0 241 462 804 341 0 446 312 764 0 635 0 695 273 0 0 537 380 
535 8 0 415 468 651 394 825 698 0 0 339 972 60 0 604 0 0 0 345 926 0 843 574 922 663 310 450 428 456 895 432 305 56 815 253 218 212 433 17 729 944 378 844 258 478 0 223 430 0 0 757 710 458 0 223 0 170 319 0 0 401 0 645 754 315 447 888 168 0 0 152 970 751 0 297 994 619 563 0 111 430 657 530 854 0 0 200 786 0 401 0 65 470 484 671 0 531 715 226 0 953 334 359 1 884 949 537 653 0 628 0 983 652 0 0 198 90 942 0 316 119 0 438 639 967 926 873 372 954 795 733 588 0 0 148 188 0 363 0 
594 322 0 912 0 555 444 209 582 0 0 451 0 118 60 0 826 0 706 227 510 943 253 0 0 851 772 285 376 278 0 506 45 196 0 610 265 416 0 102 117 980 0 0 0 0 0 0 7 0 0 0 826 0 51 484 10 497 497 0 630 845 78 869 0 425 941 547 0 163 0 0 389 356 399 588 390 505 0 898 803 248 843 658 999 195 844 405 349 0 639 550 770 18 526 0 480 65 799 687 388 131 238 57 0 0 0 833 595 0 0 0 36 324 0 25 0 62 450 636 892 0 955 655 0 759 0 765 831 842 131 724 710 275 40 309 624 0 0 306 
202 279 601 307 962 969 430 400 160 763 787 350 701 0 383 617 595 0 48 107 0 318 0 494 0 192 0 437 255 0 991 734 558 0 876 87 774 891 658 461 335 0 977 403 802 269 124 0 206 757 0 0 0 0 161 687 661 596 350 48 47 530 0 135 0 959 860 659 0 340 64 0 792 854 342 619 437 485 341 351 580 0 322 894 263 106 140 0 436 823 369 0 560 180 265 67 161 963 304 923 453 40 1 0 882 0 921 626 879 982 0 410 765 16 0 398 635 39 89 26 154 0 134 338 189 1 218 595 0 985 559 919 609 398 56 221 743 0 0 0 
216 771 550 0 932 0 920 0 670 0 310 0 0 185 0 0 44 0 818 782 787 857 240 534 320 0 272 57 823 95 883 645 621 203 338 143 0 881 84 273 461 142 718 706 895 0 470 0 0 710 826 0 0 0 0 477 891 704 756 162 728 696 989 800 15 0 960 167 0 470 626 292 894 0 0 771 194 948 717 730 134 316 481 678 594 0 521 551 424 565 111 991 45 697 0 0 388 0 0 164 0 624 572 75 932 794 4 722 0 653 8 696 776 654 161 665 985 926 833 635 23 47 435 132 696 228 151 0 0 128 847 762 497 852 753 0 228 833 895 0 
28 42 482 541 649 0 0 481 948 333 776 0 32 0 337 0 357 934 194 585 0 168 558 467 73 147 261 0 634 938 55 0 635 63 0 331 21 190 384 643 184 799 738 819 69 607 0 810 724 458 0 0 0 0 0 258 950 620 471 390 0 450 0 893 142 126 209 730 529 208 52 919 0 217 934 863 0 253 658 0 929 525 918 0 254 0 0 462 397 968 646 207 0 328 361 588 398 800 460 0 931 397 677 0 0 744 0 0 0 0 0 418 397 238 347 0 0 862 410 0 651 925 727 0 731 374 0 354 619 789 0 949 0 0 0 28 853 213 0 0 
560 407 47 717 875 732 215 0 709 490 823 95 0 858 875 838 169 498 894 703 209 271 337 521 875 0 514 919 265 485 203 89 482 623 709 0 114 0 715 0 835 444 98 259 0 0 278 0 941 0 51 161 0 0 0 472 463 485 509 25 596 185 4 0 248 0 0 718 376 308 865 190 237 685 886 0 0 0 743 0 242 121 0 714 692 0 652 0 0 0 566 0 382 516 118 0 666 128 770 264 161 0 0 386 0 988 880 112 158 184 0 782 738 207 173 790 425 184 44 997 0 309 996 532 0 48 999 0 89 501 754 904 247 985 169 341 0 68 655 73 
0 0 0 770 582 0 586 331 847 717 9 361 677 270 620 538 421 670 0 949 737 0 847 609 334 723 111 332 257 0 816 687 840 0 323 478 570 308 685 429 952 81 757 818 871 593 429 452 277 223 484 687 477 258 472 0 641 48 493 317 0 0 42 0 0 142 665 574 0 893 406 935 0 0 0 642 369 0 741 644 835 748 0 281 893 115 537 0 654 856 218 882 191 122 0 317 0 0 431 985 251 0 599 0 84 912 795 212 584 299 427 807 0 505 291 0 0 689 0 739 192 968 652 19 0 920 493 773 560 785 0 881 0 774 358 0 0 351 546 36 
804 0 0 849 0 990 858 439 324 388 469 758 137 904 915 704 918 0 997 0 0 595 818 847 171 0 0 824 0 251 0 100 919 283 955 504 390 753 653 261 953 317 507 413 441 905 43 818 464 0 10 661 891 950 463 641 0 890 812 208 110 853 994 262 691 475 48 770 674 86 0 117 574 0 131 907 0 350 0 101 952 47 72 292 545 0 0 33 593 766 947 0 121 30 298 868 0 465 0 0 749 759 476 767 168 0 41 935 934 415 75 10 672 875 628 747 852 49 569 438 519 375 568 0 52 0 0 997 858 535 248 0 310 213 738 858 260 0 207 0 
331 176 633 47 607 0 530 462 204 365 142 779 527 672 774 416 0 0 627 0 292 0 0 482 413 380 0 309 0 747 785 220 879 0 919 823 251 595 950 0 120 0 267 0 337 813 148 481 554 170 497 596 704 620 485 48 890 0 403 0 0 276 804 0 0 351 80 0 49 0 0 199 356 185 425 974 812 660 0 505 150 839 752 0 335 970 0 121 0 221 828 339 0 225 0 347 382 197 581 232 535 439 0 901 957 316 849 305 607 358 844 509 55 0 0 0 392 81 512 400 210 702 998 893 215 0 578 670 661 41 0 316 726 0 285 0 0 0 0 386 
602 0 0 669 941 342 0 785 655 43 285 304 605 520 0 290 0 875 918 0 164 690 883 0 39 317 9 339 511 584 604 593 374 835 888 0 421 0 0 230 0 0 664 0 0 238 760 925 155 319 497 350 756 471 509 493 812 403 0 902 988 0 79 73 640 553 273 359 541 630 371 475 497 792 298 588 622 0 0 223 300 3 285 0 896 469 918 324 0 0 0 846 375 182 0 728 737 32 997 0 622 789 828 383 54 169 665 313 407 0 0 0 709 289 840 659 0 748 751 0 171 334 537 0 0 628 683 371 0 163 959 0 697 168 305 308 509 0 894 264 
0 0 24 637 947 767 0 85 77 294 0 786 637 506 695 998 214 110 0 357 114 651 608 343 0 232 0 380 988 0 0 393 349 167 0 53 230 0 0 861 420 385 347 21 889 0 0 706 0 0 0 48 162 390 25 317 208 0 902 0 0 553 904 602 905 223 647 755 0 806 89 788 89 397 0 687 734 788 866 256 340 912 118 0 178 939 370 161 0 37 465 226 116 0 0 580 601 621 482 764 87 567 829 985 381 0 463 986 0 112 0 0 359 458 103 0 231 577 610 903 844 734 107 0 987 0 973 643 59 855 833 0 0 174 137 0 0 991 820 0 
652 334 488 24 0 0 471 0 171 26 0 314 169 0 300 176 943 126 684 935 901 666 0 429 656 812 0 82 769 36 569 821 347 462 90 0 98 0 260 0 0 926 422 0 823 106 896 963 437 0 630 47 728 0 596 0 110 0 988 0 0 224 0 0 0 473 0 371 81 860 18 586 749 922 442 90 119 157 0 568 199 455 0 0 194 412 665 0 715 489 956 635 816 461 0 600 829 179 358 474 954 360 738 568 0 874 299 314 495 923 741 508 323 38 0 624 0 799 770 0 396 0 345 0 847 0 401 746 63 37 743 412 22 999 309 145 785 273 118 488 
822 764 861 931 0 833 271 360 494 975 606 597 977 668 53 489 0 828 310 566 144 0 0 0 0 86 449 424 354 787 785 61 0 575 552 0 48 0 195 437 21 718 315 748 0 70 114 0 0 401 845 530 696 450 185 0 853 276 0 553 224 0 0 674 470 836 297 652 778 389 865 544 379 159 337 0 821 910 0 899 933 336 341 749 291 570 546 0 852 0 0 585 0 294 146 0 610 996 0 513 728 693 0 828 0 985 880 378 564 228 445 314 0 0 839 104 883 474 143 562 829 273 0 87 0 0 653 57 688 408 955 646 283 914 200 711 641 340 319 0 
562 0 4 423 93 277 0 698 191 0 982 268 893 0 92 568 911 165 0 168 284 863 0 335 528 890 105 0 0 949 726 0 0 621 488 249 906 945 502 184 25 585 0 666 316 144 873 311 757 0 78 0 989 0 4 42 994 804 79 904 0 0 0 497 497 9 684 459 726 0 132 176 433 154 888 254 375 63 706 621 555 0 756 993 516 824 187 79 850 492 608 0 210 0 280 123 0 809 923 411 0 0 404 247 541 0 286 0 67 147 704 85 404 171 0 0 0 868 332 0 372 432 127 0 625 0 357 0 0 0 0 118 0 229 520 0 0 890 57 516 
0 0 251 0 184 0 741 662 0 843 380 980 305 0 0 0 0 419 218 0 380 16 245 547 0 0 0 0 696 177 735 286 0 107 551 36 30 288 0 0 0 799 0 253 192 511 0 0 183 645 869 135 800 893 0 0 262 0 73 602 0 674 497 0 0 736 446 0 141 176 403 0 355 0 455 272 657 409 0 626 78 553 434 0 820 0 783 23 107 231 125 823 121 0 870 0 339 0 611 525 539 223 11 778 505 386 0 759 636 0 783 0 0 920 662 43 854 195 267 369 608 420 41 0 677 784 490 102 689 643 348 931 346 0 0 0 703 763 0 783 
369 793 0 589 359 940 851 299 21 0 0 193 0 42 747 507 823 0 236 7 238 329 355 774 0 858 0 7 719 470 0 348 113 424 679 117 26 303 0 33 81 0 20 156 976 380 0 441 0 754 0 0 15 142 248 0 691 0 640 905 0 470 497 0 0 760 0 622 93 925 226 744 0 932 790 0 290 930 11 361 561 966 891 527 811 842 0 918 548 883 309 680 7 477 142 619 320 51 35 772 113 30 413 231 387 319 879 679 912 432 862 534 783 282 445 309 0 466 303 0 693 172 179 160 0 531 55 686 694 378 701 214 838 273 850 824 0 711 190 525 
548 756 549 0 11 0 0 590 486 331 699 250 0 0 944 903 136 439 8 0 656 552 332 0 0 552 429 580 807 451 915 0 0 790 0 731 852 665 572 802 355 628 801 282 201 966 0 50 652 315 425 959 0 126 0 142 475 351 553 223 473 836 9 736 760 0 595 983 398 168 920 748 51 117 806 0 308 24 0 879 634 157 132 844 682 0 746 914 259 356 123 796 38 218 0 0 0 211 492 541 774 736 0 640 842 511 0 307 658 386 463 338 698 283 605 455 58 636 977 36 0 897 756 143 976 204 701 0 0 0 475 112 398 459 91 187 763 40 228 0 
0 603 58 927 137 966 594 0 686 746 298 676 0 42 822 365 411 997 640 0 534 163 332 734 331 561 496 340 74 136 0 735 0 511 446 0 0 464 2 861 231 0 140 694 66 0 68 475 0 447 941 860 960 209 0 665 48 80 273 647 0 297 684 446 0 595 0 233 813 683 562 0 447 634 987 410 307 0 0 536 716 796 219 0 35 344 447 335 564 317 0 921 549 178 172 972 457 479 515 550 0 303 0 614 0 611 0 0 0 0 143 40 272 29 924 945 916 359 0 173 649 3 991 274 380 283 166 474 300 259 713 0 0 587 858 843 189 0 478 876 
0 871 798 720 519 572 572 22 0 547 414 702 0 0 960 351 0 209 451 984 0 0 402 692 311 570 566 858 564 454 266 0 8 422 319 0 475 99 897 852 0 76 931 963 0 60 0 898 714 888 547 659 167 730 718 574 770 0 359 755 371 652 459 0 622 983 233 0 824 580 296 794 718 0 720 455 54 872 240 0 0 104 0 154 936 532 278 0 483 193 357 644 0 730 0 0 0 758 9 738 110 0 119 0 0 0 995 858 487 174 0 585 431 292 391 0 0 465 0 0 0 385 536 277 974 0 708 0 699 980 0 944 53 36 556 0 83 514 42 764 
0 933 0 0 0 166 0 625 238 291 0 711 0 139 193 15 144 586 56 625 894 618 525 124 860 900 423 32 735 514 975 879 590 410 0 189 776 696 992 569 828 489 0 0 992 0 700 20 638 168 0 0 0 529 376 0 674 49 541 0 81 778 726 141 93 398 813 824 0 920 606 706 104 482 295 50 222 261 774 370 542 122 364 117 613 837 193 185 70 978 103 0 455 608 80 37 768 148 686 0 0 86 0 384 20 3 995 0 290 654 934 206 515 52 171 816 0 491 0 20 0 0 0 966 800 964 465 321 0 282 0 672 0 0 259 0 0 0 582 661 
307 410 0 290 946 0 905 250 658 0 0 819 948 941 0 35 553 0 146 760 0 634 202 164 490 928 840 692 615 0 0 879 110 0 597 550 575 958 619 0 0 653 780 779 0 0 0 115 669 0 163 340 470 208 308 893 86 0 630 806 860 389 0 176 925 168 683 580 920 0 94 0 0 297 896 0 456 929 674 0 0 519 789 560 178 931 0 171 530 900 763 19 478 303 711 651 785 777 689 0 399 370 654 876 95 579 43 721 301 610 429 508 0 0 324 974 933 0 125 0 562 0 0 899 355 304 0 0 590 876 171 62 459 0 0 857 816 501 165 951 
572 0 0 506 944 0 937 339 0 479 0 387 87 383 610 588 846 224 0 147 0 215 637 660 300 513 513 371 815 0 734 366 0 244 0 158 157 576 0 321 55 0 0 482 0 748 0 418 100 0 0 64 626 52 865 406 0 0 371 89 18 865 132 403 226 920 562 296 606 94 0 947 31 0 462 922 193 0 170 513 677 206 688 847 368 203 464 823 686 0 84 180 322 0 440 99 846 0 347 101 0 591 509 150 712 3 675 0 0 0 600 227 0 0 0 910 540 617 462 753 916 978 243 439 37 128 682 126 0 0 758 753 654 424 672 0 685 0 304 522 
0 0 53 0 982 0 468 0 262 0 197 30 912 933 807 20 681 761 41 0 777 0 670 761 986 0 0 104 860 374 26 888 0 395 482 901 38 673 345 257 0 154 0 0 0 739 977 781 0 152 0 0 292 919 190 935 117 199 475 788 586 544 176 0 744 748 0 794 706 0 947 0 971 955 742 0 381 927 866 0 619 648 642 319 338 878 184 643 0 304 286 0 393 298 255 960 770 482 0 126 0 6 628 605 980 205 0 0 299 0 0 218 263 325 237 696 605 0 0 544 511 870 909 923 589 286 150 0 470 837 710 0 0 0 451 0 659 310 377 315 
367 443 270 860 811 111 0 154 0 0 0 0 0 772 577 0 516 858 85 983 359 0 225 453 780 926 974 0 0 0 0 954 610 707 62 722 472 279 329 0 0 723 914 0 0 925 179 148 458 970 389 792 894 0 237 0 574 356 497 89 749 379 433 355 0 51 447 718 104 0 31 971 0 452 830 466 0 0 731 0 826 0 0 872 814 886 303 326 252 853 471 799 771 237 0 345 246 276 626 82 652 533 836 939 0 238 355 371 759 855 627 307 672 777 417 401 0 0 0 34 603 959 915 248 652 973 160 834 23 0 955 487 0 432 0 712 0 677 0 101 
340 310 807 666 999 260 0 0 959 0 668 916 0 177 465 5 508 908 0 885 612 61 698 941 0 159 119 0 336 391 627 855 0 0 14 33 0 660 601 0 947 752 0 0 172 879 0 94 888 751 356 854 0 217 685 0 0 185 792 397 922 159 154 0 932 117 634 0 482 297 0 955 452 0 54 867 375 0 152 285 955 278 366 95 13 990 917 444 262 160 0 434 0 436 932 0 93 973 834 0 0 537 985 968 620 866 746 468 0 249 230 509 806 0 469 798 89 277 0 884 445 0 909 0 0 292 875 236 378 0 480 0 303 161 146 292 276 540 25 502 
292 805 229 525 0 986 52 782 988 0 0 251 943 249 0 590 396 487 571 484 122 469 523 231 820 431 727 851 0 0 0 972 222 0 90 437 151 0 329 0 368 0 378 111 510 639 933 168 676 0 399 342 0 934 886 0 131 425 298 0 442 337 888 455 790 806 987 720 295 896 462 742 830 54 0 781 974 501 634 256 0 592 431 490 14 0 95 800 403 967 787 970 0 570 247 300 415 93 0 915 986 805 23 627 303 601 551 906 0 783 196 265 507 0 925 0 252 756 496 853 12 729 0 105 539 0 732 0 129 265 460 52 264 0 263 648 677 157 0 375 
0 758 0 264 889 0 247 213 904 987 237 0 0 0 0 378 0 763 291 0 264 898 736 760 642 181 0 787 787 0 0 717 90 430 717 921 657 686 0 0 0 948 855 605 69 17 103 872 197 297 588 619 771 863 0 642 907 974 588 687 90 0 254 272 0 0 410 455 50 0 922 0 466 867 781 0 375 335 0 749 861 696 359 109 427 390 824 233 0 0 0 696 425 330 51 996 795 0 680 136 63 80 321 182 464 374 476 138 88 291 343 0 253 341 290 961 442 366 506 497 0 437 952 282 688 34 895 0 0 0 115 0 892 274 784 749 726 530 62 280 
231 815 359 831 366 784 15 396 749 844 622 914 817 0 0 546 592 222 7 969 0 338 353 0 0 0 567 92 975 258 571 584 971 160 850 477 114 316 466 0 699 316 165 781 640 196 431 0 0 994 390 437 194 0 0 369 0 812 622 734 119 821 375 657 290 308 307 54 222 456 193 381 0 375 974 375 0 681 322 0 0 578 405 309 378 416 0 965 707 0 189 121 696 144 664 0 802 599 213 498 0 301 878 487 721 459 531 169 266 0 135 798 222 794 772 209 0 382 547 85 618 36 441 91 0 0 248 0 857 0 685 0 762 0 891 0 198 553 0 120 
134 272 245 113 156 220 556 0 849 342 0 362 0 668 213 255 392 267 0 219 448 948 349 53 130 0 54 866 562 74 123 0 685 260 230 12 973 372 989 991 972 279 664 0 638 208 924 814 833 619 505 485 948 253 0 0 350 660 0 788 157 910 63 409 930 24 0 872 261 929 0 927 0 0 501 335 681 0 0 210 876 406 22 372 34 609 0 204 335 175 0 808 312 856 100 750 0 0 0 62 567 0 335 763 555 961 756 514 145 594 917 846 881 999 0 184 737 84 271 309 850 143 808 982 768 812 246 0 0 239 262 26 0 0 104 0 506 184 0 341 
829 0 0 0 27 426 672 270 839 712 216 334 0 0 136 0 22 116 0 417 0 482 49 173 351 658 428 0 143 0 479 742 770 0 717 685 795 13 0 616 770 12 419 0 0 624 561 652 374 563 0 341 717 658 743 741 0 0 0 866 0 0 706 0 11 0 0 240 774 674 170 866 731 152 634 0 322 0 0 0 164 939 85 379 750 226 810 523 0 872 293 291 0 877 797 991 362 0 933 875 724 106 263 0 0 470 611 0 779 331 714 0 214 0 229 119 118 939 463 623 511 0 0 813 0 396 211 980 668 322 0 0 769 226 0 917 371 0 0 0 
0 814 7 130 0 993 993 864 0 0 656 0 277 586 0 315 265 49 806 332 438 0 757 833 123 989 489 558 0 72 296 396 0 0 258 868 767 0 974 741 0 654 500 886 0 0 475 62 774 0 898 351 730 0 0 644 101 505 223 256 568 899 621 626 361 879 536 0 370 0 513 0 0 285 256 749 0 210 0 0 45 675 594 511 468 173 501 385 0 65 737 562 130 0 464 816 0 0 221 0 786 193 759 898 448 0 0 657 716 0 353 427 0 281 986 614 415 50 733 634 77 72 845 173 303 0 0 545 441 92 0 47 0 462 614 446 194 0 641 0 
0 598 223 287 987 514 687 0 674 0 385 877 545 0 902 839 318 99 129 0 426 189 257 689 956 938 794 184 0 0 0 357 26 0 75 96 656 0 13 958 31 812 375 846 667 973 547 0 959 111 803 580 134 929 242 835 952 150 300 340 199 933 555 78 561 634 716 0 542 0 677 619 826 955 0 861 0 876 164 45 0 998 367 264 541 465 548 541 366 701 464 624 0 975 117 764 105 0 614 689 566 948 743 0 178 748 547 909 468 282 568 0 203 785 607 765 454 0 821 220 0 0 938 0 293 68 437 0 120 856 343 803 419 0 908 803 302 0 533 0 
0 0 585 833 798 658 841 441 226 12 158 0 43 752 42 429 868 0 376 0 28 0 0 592 247 419 448 997 73 375 4 0 116 653 377 381 602 136 0 387 0 640 0 733 147 846 726 849 783 430 248 0 316 525 121 748 47 839 3 912 455 336 0 553 966 157 796 104 122 519 206 648 0 278 592 696 578 406 939 675 998 0 336 131 738 360 0 822 298 254 610 850 543 840 769 595 373 101 586 269 4 422 537 0 34 602 39 947 0 0 402 0 0 233 480 607 472 88 544 490 0 84 246 478 0 126 0 0 476 340 0 0 0 29 709 584 117 702 349 532 
0 867 418 552 836 326 0 874 279 506 0 402 217 464 0 755 543 911 619 982 303 736 0 120 134 914 783 0 0 0 494 885 54 0 0 393 0 513 539 304 104 0 672 0 455 452 0 863 774 657 843 322 481 918 0 0 72 752 285 118 0 341 756 434 891 132 219 0 364 789 688 642 0 366 431 359 405 22 85 594 367 336 0 0 116 100 590 0 978 118 884 838 154 947 883 315 617 359 536 557 271 450 0 0 886 691 853 918 247 259 92 791 727 183 42 0 704 0 461 211 0 218 717 0 71 733 0 0 469 600 360 359 626 604 219 581 299 0 775 278 
736 69 0 884 200 803 172 981 4 629 405 657 368 0 691 42 574 108 0 56 169 856 0 995 0 175 0 0 420 958 275 634 342 772 381 161 830 151 287 239 326 388 547 0 0 0 203 903 390 530 658 894 678 0 714 281 292 0 0 0 0 749 993 0 527 844 0 154 117 560 847 319 872 95 490 109 309 372 379 511 264 131 0 0 0 229 179 870 999 277 0 866 306 57 965 791 0 432 0 382 0 529 462 552 0 607 0 729 38 648 649 16 941 178 792 987 719 247 489 113 149 89 726 549 354 344 510 970 928 985 912 146 0 653 691 0 178 313 181 0 
0 654 0 360 481 192 694 190 0 901 0 988 572 730 101 123 954 718 854 843 255 106 0 231 283 441 350 799 908 506 41 0 0 715 770 32 0 592 0 0 607 935 0 767 771 995 514 418 209 854 999 263 594 254 692 893 545 335 896 178 194 291 516 820 811 682 35 936 613 178 368 338 814 13 14 427 378 34 750 468 541 738 116 0 0 0 338 42 938 0 357 728 554 0 0 246 0 0 126 793 801 145 0 418 793 31 975 32 472 563 661 863 722 0 65 105 483 0 960 771 420 0 996 873 324 74 408 0 276 491 995 101 0 280 0 979 871 796 817 0 
521 0 465 629 776 287 791 0 755 190 988 892 0 962 575 0 913 146 123 193 328 0 985 717 224 158 154 309 92 717 0 953 0 0 242 545 716 0 363 0 296 270 883 0 833 282 191 0 906 0 195 106 0 0 0 115 0 970 469 939 412 570 824 0 842 0 344 532 837 931 203 878 886 990 0 390 416 609 226 173 465 360 100 229 0 0 86 237 709 0 868 0 145 946 0 0 178 799 152 430 206 318 290 106 222 697 290 121 16 224 0 173 930 0 962 0 103 858 660 434 0 841 620 0 203 0 30 301 193 130 773 327 174 0 288 0 881 628 945 367 
106 161 580 225 384 0 79 0 514 421 3 918 961 498 731 532 0 446 0 322 0 549 113 378 634 634 554 875 551 716 60 0 0 898 0 0 0 363 167 0 443 0 0 610 0 200 974 429 337 0 844 140 521 0 652 537 0 0 918 370 665 546 187 783 0 746 447 278 193 0 464 184 303 917 95 824 0 0 810 501 548 0 590 179 338 86 0 644 469 0 993 816 809 896 795 0 499 752 629 890 361 846 0 0 806 467 820 608 97 0 941 512 217 389 981 0 0 927 736 308 932 136 282 381 0 0 542 909 249 208 0 56 29 948 665 286 756 67 0 0 
735 182 0 0 44 0 0 505 0 504 14 0 0 744 245 635 292 965 0 101 531 506 964 632 0 408 932 844 22 818 0 269 833 124 480 8 0 0 5 705 628 517 822 674 259 0 991 486 141 200 405 0 551 462 0 0 33 121 324 161 0 0 79 23 918 914 335 0 185 171 823 643 326 444 800 233 965 204 523 385 541 822 0 870 42 237 644 0 23 956 185 583 362 103 820 0 867 534 0 246 0 374 0 610 697 481 645 29 0 584 698 0 286 331 992 536 426 466 765 329 631 896 737 781 896 559 0 22 587 400 0 996 0 759 921 295 15 870 984 411 
359 899 0 0 814 721 848 120 0 0 135 30 231 862 0 533 216 924 40 574 0 0 1 729 445 52 0 0 401 103 338 0 275 552 0 0 829 153 740 510 361 891 169 211 617 844 0 166 693 786 349 436 424 397 0 654 593 0 0 0 715 852 850 107 548 259 564 483 70 530 686 0 252 262 403 0 707 335 0 0 366 298 978 999 938 709 469 23 0 944 142 147 489 468 925 718 171 493 429 844 642 335 589 201 337 9 660 0 0 0 852 530 725 125 0 530 652 953 335 678 152 0 588 0 598 0 101 279 0 0 857 747 852 272 888 0 229 0 308 453 
289 71 40 0 0 949 667 399 0 201 883 599 86 0 824 807 244 0 418 0 952 582 906 275 676 944 0 969 43 0 323 0 0 0 0 0 550 0 788 229 782 136 112 65 562 293 259 324 157 0 0 823 565 968 0 856 766 221 0 37 489 0 492 231 883 356 317 193 978 900 0 304 853 160 967 0 0 175 872 65 701 254 118 277 0 0 0 956 944 0 767 145 929 0 681 397 686 962 696 535 779 0 452 72 0 500 153 963 0 499 162 962 0 105 952 0 247 26 0 392 15 162 649 444 84 789 377 0 418 691 0 340 391 546 676 886 736 550 277 0 
0 0 933 539 561 642 148 115 0 237 0 0 172 0 762 410 0 0 0 0 423 0 0 0 625 883 427 201 5 0 316 757 55 0 697 237 935 879 176 346 290 899 777 0 531 468 50 139 578 401 639 369 111 646 566 218 947 828 0 465 956 0 608 125 309 123 0 357 103 763 84 286 471 0 787 0 189 0 293 737 464 610 884 0 357 868 993 185 142 767 0 551 838 529 88 46 0 0 303 71 243 784 843 723 907 183 451 438 218 645 0 0 286 391 605 146 571 0 867 127 253 15 787 664 634 0 724 334 972 0 0 0 782 200 47 0 0 0 0 875 
544 88 786 244 693 499 269 729 345 8 0 413 602 923 936 0 642 673 259 650 806 938 935 18 429 594 206 828 172 0 927 875 352 632 540 578 892 0 288 0 211 826 121 939 646 0 565 816 950 0 550 0 991 207 0 882 0 339 846 226 635 585 0 823 680 796 921 644 0 19 180 0 799 434 970 696 121 808 291 562 624 850 838 866 728 0 816 583 147 145 551 0 940 267 12 680 0 0 2 128 80 297 754 0 0 0 598 109 0 199 982 0 98 0 0 307 713 347 747 0 851 560 0 95 0 936 211 409 0 663 819 123 636 91 0 667 0 759 525 0 
0 0 0 0 490 0 835 0 0 0 0 0 269 20 0 55 866 386 635 740 383 820 512 698 0 121 0 870 0 168 301 243 506 851 607 456 233 765 81 705 0 667 0 0 0 349 0 269 11 65 770 560 45 0 382 191 121 0 375 116 816 0 210 121 7 38 549 0 455 478 322 393 771 0 0 425 696 312 0 130 0 543 154 306 554 145 809 362 489 929 838 940 0 344 0 371 0 952 0 640 110 0 198 326 877 685 13 229 746 0 458 106 82 492 574 742 208 496 0 0 981 205 0 203 45 990 86 168 0 0 799 551 364 0 0 800 195 906 834 516 
589 604 0 0 3 690 684 972 0 567 894 0 313 0 25 945 798 0 734 999 556 743 607 971 0 0 938 0 132 376 0 396 920 208 252 515 545 407 760 373 892 0 0 0 0 36 473 0 338 470 18 180 697 328 516 122 30 225 182 0 461 294 0 0 477 218 178 730 608 303 0 298 237 436 570 330 144 856 877 0 975 840 947 57 0 946 896 103 468 0 529 267 344 0 0 976 394 500 0 177 304 656 79 0 219 880 947 652 12 0 919 563 564 707 940 49 178 356 885 834 822 871 0 73 600 885 0 94 382 101 437 650 448 311 0 760 0 131 144 409 
816 0 602 511 708 955 776 154 795 313 297 229 548 604 17 869 403 874 0 152 423 967 233 242 55 0 0 0 398 234 0 314 218 0 0 708 642 98 208 591 240 0 317 143 528 440 0 960 478 484 526 265 0 361 118 0 298 0 0 0 0 146 280 870 142 0 172 0 80 711 440 255 0 932 247 51 664 100 797 464 117 769 883 965 0 0 795 820 925 681 88 12 0 0 0 653 58 0 0 940 644 36 565 535 462 29 257 448 0 0 586 309 760 566 0 291 547 0 0 912 856 0 232 0 295 0 763 0 0 673 321 216 0 0 874 190 398 108 2 765 
791 668 193 884 190 0 136 0 659 2 0 455 0 342 626 821 0 545 536 304 559 56 728 97 32 185 992 25 568 489 258 537 962 0 418 0 327 812 0 781 0 131 462 68 0 295 578 415 355 671 0 67 0 588 0 317 868 347 728 580 600 0 123 0 619 0 972 0 37 651 99 960 345 0 300 996 0 750 991 816 764 595 315 791 246 0 0 0 718 397 46 680 371 976 653 0 14 383 250 937 460 682 543 0 0 168 174 789 0 0 643 263 0 0 286 377 871 150 436 53 733 183 427 481 900 68 95 0 0 200 285 0 294 49 172 299 0 781 928 305 
244 777 0 411 285 956 700 681 181 821 311 217 27 402 618 108 0 132 755 0 0 181 0 697 568 991 704 217 0 461 36 192 0 0 615 974 106 0 744 0 916 0 386 151 0 897 190 0 0 0 480 161 388 398 666 0 0 382 737 601 829 610 0 339 320 0 457 0 768 785 846 770 246 93 415 795 802 0 362 0 105 373 617 0 0 178 499 867 171 686 0 0 0 394 58 14 0 363 675 0 0 12 660 489 0 493 810 228 223 77 80 78 10 184 517 400 0 297 3 674 33 937 0 495 540 950 0 0 867 669 120 301 464 481 0 0 720 99 205 403 
253 23 0 0 818 464 0 639 999 413 967 734 36 241 0 998 16 362 284 0 627 402 0 662 802 495 217 0 934 445 404 167 642 762 0 0 549 809 0 136 414 0 629 266 74 383 720 789 844 531 65 963 0 800 128 0 465 197 32 621 179 996 809 0 51 211 479 758 148 777 0 482 276 973 93 0 599 0 0 0 0 101 359 432 0 799 752 534 493 962 0 0 952 500 0 383 363 0 265 196 289 58 633 993 271 149 900 963 974 199 291 832 0 962 871 272 542 622 718 268 533 828 860 348 213 551 0 237 550 739 373 899 576 149 652 0 242 912 174 937 
459 733 0 0 651 739 680 841 556 968 862 341 844 0 0 979 0 566 503 420 725 721 232 319 87 0 585 207 739 195 462 95 0 934 525 0 773 757 244 544 259 872 748 701 0 24 452 514 0 715 799 304 0 460 770 431 0 581 997 482 358 0 923 611 35 492 515 9 686 689 347 0 626 834 0 680 213 0 933 221 614 586 536 0 126 152 629 0 429 696 303 2 0 0 0 250 675 265 0 0 87 640 805 562 857 0 276 597 90 0 0 0 763 230 282 241 484 804 248 356 759 90 69 85 0 0 355 0 210 0 18 56 438 506 244 0 986 364 604 420 
0 773 0 0 355 241 704 932 833 0 549 0 82 191 0 626 0 387 327 0 0 918 123 830 380 624 453 278 786 0 42 380 162 310 463 0 567 221 487 142 0 807 308 764 650 607 0 311 77 226 687 923 164 0 264 985 0 232 0 764 474 513 411 525 772 541 550 738 0 0 101 126 82 0 915 136 498 62 875 0 689 269 557 382 793 430 890 246 844 535 71 128 640 177 940 937 0 196 0 0 678 988 411 622 0 634 470 495 219 114 869 167 0 816 0 702 696 383 0 427 819 0 0 503 0 789 184 0 823 643 770 94 0 50 821 864 0 736 0 875 
24 0 413 71 351 0 0 629 271 717 429 395 665 277 537 475 565 337 503 673 0 119 983 71 94 800 467 201 852 546 470 687 152 485 954 935 208 627 672 0 184 608 869 850 360 288 0 95 691 0 388 453 0 931 161 251 749 535 622 87 954 728 0 539 113 774 0 110 0 399 0 0 652 0 986 63 0 567 724 786 566 4 271 0 801 206 361 0 642 779 243 80 110 304 644 460 0 289 87 678 0 426 279 819 729 500 772 517 440 0 499 0 43 312 539 538 474 676 967 904 805 187 415 0 549 478 0 670 838 0 0 663 0 0 974 0 223 740 382 747 
246 586 0 320 177 887 946 547 740 41 9 982 168 449 858 0 250 0 353 233 217 0 0 912 525 46 272 2 56 623 935 0 656 0 44 0 0 464 845 694 714 894 0 0 651 430 64 598 0 953 131 40 624 397 0 0 759 439 789 567 360 693 0 223 30 736 303 0 86 370 591 6 533 537 805 80 301 0 106 193 948 422 450 529 145 318 846 374 335 0 784 297 0 656 36 682 12 58 640 988 426 0 128 840 942 802 473 750 0 0 229 878 304 0 594 290 341 717 843 175 0 69 222 214 245 237 865 50 749 99 42 358 521 155 679 884 0 922 994 142 
0 0 226 286 311 647 0 105 403 723 922 640 182 0 950 0 899 421 0 419 202 345 311 579 734 426 554 0 43 70 664 435 156 11 0 699 0 695 0 0 0 416 611 842 185 316 500 933 42 334 238 1 572 677 0 599 476 0 828 829 738 0 404 11 413 0 0 119 0 654 509 628 836 985 23 321 878 335 263 759 743 537 0 462 0 290 0 0 589 452 843 754 198 79 565 543 660 633 805 411 279 128 0 0 921 335 505 931 610 357 853 106 121 0 53 0 15 214 129 0 403 0 371 928 0 230 0 58 306 195 195 616 2 290 0 0 563 940 238 0 
296 365 544 532 736 664 0 0 32 486 397 379 0 619 0 0 0 0 0 346 0 0 189 247 775 924 0 449 683 103 275 0 94 286 724 859 617 257 520 433 227 37 282 0 0 866 482 379 601 359 57 0 75 0 386 0 767 901 383 985 568 828 247 778 231 640 614 0 384 876 150 605 939 968 627 182 487 763 0 898 0 0 0 552 418 106 0 610 201 72 723 0 326 0 535 0 489 993 562 622 819 840 0 0 0 317 290 13 832 0 958 188 0 212 0 612 591 0 496 612 9 0 54 233 0 383 653 298 0 564 107 479 0 0 102 874 144 0 914 226 
81 395 745 489 0 0 882 686 128 0 0 0 488 0 744 600 571 0 677 0 207 0 653 839 0 655 176 206 96 0 604 0 379 705 166 460 199 113 0 0 85 392 0 0 0 549 930 220 0 1 0 882 932 0 0 84 168 957 54 381 0 0 541 505 387 842 0 0 20 95 712 980 0 620 303 464 721 555 0 448 178 34 886 0 793 222 806 697 337 0 907 0 877 219 462 0 0 271 857 0 729 942 921 0 0 585 660 913 74 527 0 501 0 340 695 743 379 0 223 105 354 0 278 517 251 952 279 840 918 586 378 0 0 1 603 348 42 679 461 584 
24 332 770 517 0 0 346 917 0 765 907 309 0 0 598 662 502 321 281 575 202 617 0 187 446 499 0 211 1 243 387 0 588 462 449 486 817 660 0 227 449 0 0 149 0 980 0 0 906 884 0 0 794 744 988 912 0 316 169 0 874 985 0 386 319 511 611 0 3 579 3 205 238 866 601 374 459 961 470 0 748 602 691 607 31 697 467 481 9 500 183 0 685 880 29 168 493 149 0 634 500 802 335 317 585 0 607 782 142 631 659 202 38 670 83 233 996 0 556 993 492 411 572 0 94 844 416 920 0 0 627 970 908 612 932 466 0 0 358 849 
727 367 205 0 540 564 0 852 134 0 0 166 0 668 425 469 392 0 512 70 692 0 320 724 0 762 559 827 531 0 476 0 758 0 832 0 775 0 759 267 234 935 903 448 0 0 332 580 229 949 0 921 4 0 880 795 41 849 665 463 299 880 286 0 879 0 0 995 995 43 675 0 355 746 551 476 531 756 611 0 547 39 853 0 975 290 820 645 660 153 451 598 13 947 257 174 810 900 276 470 772 473 505 290 660 607 0 0 303 924 615 928 927 835 154 0 579 468 683 586 888 0 0 850 399 377 652 273 487 209 0 0 562 0 0 109 967 0 728 0 
132 201 66 535 401 539 0 495 625 0 0 861 268 531 107 826 15 0 532 382 368 112 0 0 109 780 198 0 750 338 0 0 841 602 0 0 0 619 186 0 396 685 502 174 590 14 0 702 854 537 833 626 722 0 112 212 935 305 313 986 314 378 0 759 679 307 0 858 0 721 0 0 371 468 906 138 169 514 0 657 909 947 918 729 32 121 608 29 0 963 438 109 229 652 448 789 228 963 597 495 517 750 931 13 913 782 0 0 317 386 392 0 0 28 0 558 0 254 44 4 322 294 8 0 139 877 0 649 890 94 434 409 141 0 779 696 54 247 0 433 
414 833 0 192 600 608 212 147 835 487 615 617 444 845 421 599 947 965 0 724 0 550 721 24 0 0 325 912 0 263 655 38 758 779 0 110 96 184 0 789 688 551 480 0 148 376 439 552 757 653 595 879 0 0 158 584 934 607 407 0 495 564 67 636 912 658 0 487 290 301 0 299 759 0 0 88 266 145 779 716 468 0 247 38 472 16 97 0 0 0 218 0 746 12 0 0 223 974 90 219 440 0 610 832 74 142 303 317 0 0 442 700 676 229 908 425 688 850 847 0 0 88 151 0 0 896 0 259 256 19 783 757 988 114 129 553 474 293 0 0 
0 0 0 464 0 0 0 53 473 582 357 0 0 0 904 896 65 555 761 558 950 357 0 413 387 713 603 0 790 58 257 185 15 816 530 407 810 584 538 0 0 684 55 799 572 87 0 284 0 0 0 982 653 0 184 299 415 358 0 112 923 228 147 0 432 386 0 174 654 610 0 0 855 249 783 291 0 594 331 0 282 0 259 648 563 224 0 584 0 499 645 199 0 0 0 0 77 199 0 114 0 0 357 0 527 631 924 386 0 0 79 323 828 38 639 2 952 0 0 856 912 955 141 0 0 714 191 185 733 0 654 236 526 704 655 26 333 922 176 0 
0 0 131 609 214 0 863 566 149 971 821 757 256 947 64 448 0 673 535 394 87 0 538 76 497 87 714 135 0 703 0 56 956 788 882 233 265 84 455 36 811 177 0 521 0 0 382 0 427 628 0 0 8 0 0 427 75 844 0 0 741 445 704 783 862 463 143 0 934 429 600 0 627 230 196 343 135 917 714 353 568 402 92 649 661 0 941 698 852 162 0 982 458 919 586 643 80 291 0 869 499 229 853 958 0 659 615 392 442 79 0 411 930 151 271 637 475 0 529 465 159 0 210 865 347 982 283 97 0 196 784 0 965 599 0 912 656 0 0 631 
224 0 454 970 0 0 367 889 69 429 94 445 107 967 807 0 817 0 0 202 0 0 0 8 0 417 608 633 0 3 271 0 653 910 0 0 290 708 863 585 115 0 225 356 289 580 347 368 630 0 0 410 696 418 782 807 10 509 0 0 508 314 85 0 534 338 40 585 206 508 227 218 307 509 265 0 798 846 0 427 0 0 791 16 863 173 512 0 530 962 0 0 106 563 309 263 78 832 0 167 0 878 106 188 501 202 928 0 700 323 411 0 401 403 960 284 135 515 0 0 930 427 888 473 5 33 0 393 603 201 947 159 0 537 933 0 0 317 617 0 
423 0 954 116 417 520 491 437 797 560 0 899 0 328 388 0 467 419 981 896 155 0 0 0 0 831 104 397 0 670 230 77 0 555 731 723 240 247 314 185 0 220 0 691 199 0 95 239 125 983 36 765 776 397 738 0 672 55 709 359 323 0 404 0 783 698 272 431 515 0 0 263 672 806 507 253 222 881 214 0 203 0 727 941 722 930 217 286 725 0 286 98 82 564 760 0 10 0 763 0 43 304 121 0 0 38 927 0 676 828 930 401 0 43 521 41 124 726 527 471 261 945 323 122 411 363 485 0 275 0 610 413 679 514 0 0 431 706 124 0 
861 290 819 192 0 520 219 0 860 251 37 232 796 880 108 19 0 821 288 157 750 12 471 126 130 963 0 387 0 0 657 538 224 615 240 0 630 709 0 941 190 0 125 313 669 0 0 959 442 652 324 16 654 238 207 505 875 0 289 458 38 0 171 920 282 283 29 292 52 0 0 325 777 0 0 341 794 999 0 281 785 233 183 178 0 0 389 331 125 105 391 0 492 707 566 0 184 962 230 816 312 0 0 212 340 670 835 28 229 38 151 403 43 0 0 634 384 922 531 191 812 0 493 965 807 0 701 874 45 503 0 0 880 142 947 428 627 928 0 0 
615 0 478 586 981 878 0 891 0 263 0 737 88 0 0 373 123 725 376 277 796 533 178 273 375 184 941 74 0 628 700 0 0 759 904 49 768 0 740 445 116 949 139 372 449 0 456 79 905 0 0 0 161 347 173 291 628 0 840 103 0 839 0 662 445 605 924 391 171 324 0 237 417 469 925 290 772 0 229 986 607 480 42 792 65 962 981 992 0 952 605 0 574 940 0 286 517 871 282 0 539 594 53 0 695 83 154 0 908 639 271 960 521 0 0 0 440 565 74 871 953 508 677 354 964 0 121 808 46 432 0 0 0 386 649 909 815 261 779 0 
872 0 987 492 0 0 590 134 865 26 741 749 272 156 73 297 336 351 365 72 973 0 32 331 485 721 653 0 310 0 430 658 591 0 0 0 0 684 604 335 355 988 290 0 280 245 923 98 753 0 25 398 665 0 790 0 747 0 659 0 624 104 0 43 309 455 945 0 816 974 910 696 401 798 0 961 209 184 119 614 765 607 0 987 105 0 0 536 530 0 146 307 742 49 291 377 400 272 241 702 538 290 0 612 743 233 0 558 425 2 637 284 41 634 0 0 813 891 507 433 367 881 577 473 141 70 814 265 896 73 745 824 402 440 773 698 636 329 0 853 
0 0 173 0 0 738 0 809 0 793 889 302 0 779 60 947 753 262 965 0 526 906 590 108 0 502 789 248 267 97 0 0 412 311 581 0 444 0 655 598 0 578 604 873 935 472 926 560 0 198 0 635 985 0 425 0 852 392 0 231 0 883 0 854 0 58 916 0 0 933 540 605 0 89 252 442 0 737 118 415 454 472 704 719 483 103 0 426 652 247 571 713 208 178 547 871 0 542 484 696 474 341 15 591 379 996 579 0 688 952 475 135 124 384 440 813 0 0 510 0 132 924 867 46 0 0 0 315 0 0 0 794 0 144 267 0 452 970 742 0 
149 40 791 0 0 0 935 0 378 0 869 743 0 934 0 99 934 91 861 0 725 374 663 462 996 928 825 908 61 0 301 308 194 278 643 692 90 0 181 0 0 703 0 96 0 0 994 0 382 90 62 39 926 862 184 689 49 81 748 577 799 474 868 195 466 636 359 465 491 0 617 0 0 277 756 366 382 84 939 50 0 88 0 247 0 858 927 466 953 26 0 347 496 356 0 150 297 622 804 383 676 717 214 0 0 0 468 254 850 0 0 515 726 922 565 891 0 0 0 0 0 0 106 0 497 332 173 922 107 0 847 457 176 992 327 214 155 428 317 0 
245 0 876 0 904 379 530 358 515 0 667 683 283 592 39 338 356 916 0 932 749 759 836 0 60 820 0 0 233 0 406 899 181 0 0 607 651 0 0 0 747 898 980 0 782 257 346 140 398 942 450 89 833 410 44 0 569 512 751 610 770 143 332 267 303 977 0 0 0 125 462 0 0 0 496 506 547 271 463 733 821 544 461 489 960 660 736 765 335 0 867 747 0 885 0 436 3 718 248 0 967 843 129 496 223 556 683 44 847 0 529 0 527 531 74 507 510 0 0 853 958 0 386 0 419 0 76 0 943 0 0 798 0 618 268 0 87 405 453 316 
0 995 676 273 791 243 479 0 0 0 404 747 405 644 474 0 0 932 0 728 521 573 285 0 85 642 0 328 0 721 723 256 0 0 601 85 489 174 999 338 534 633 0 779 842 314 917 0 317 0 636 26 635 0 997 739 438 400 0 903 0 562 0 369 0 36 173 0 20 0 753 544 34 884 853 497 85 309 623 634 220 490 211 113 771 434 308 329 678 392 127 0 0 834 912 53 674 268 356 427 904 175 0 612 105 993 586 4 0 856 465 0 471 191 871 433 0 0 853 0 838 0 583 378 0 196 391 995 307 498 900 33 382 379 0 915 0 547 0 0 
289 0 0 9 325 264 0 955 0 0 245 936 679 0 356 837 0 0 266 0 415 909 129 227 0 984 80 990 392 337 688 532 204 367 910 803 186 491 23 468 761 784 817 0 825 736 0 967 576 316 892 154 23 651 0 192 519 210 171 844 396 829 372 608 693 0 649 0 0 562 916 511 603 445 12 0 618 850 511 77 0 0 0 149 420 0 932 631 152 15 253 851 981 822 856 733 33 533 759 819 805 0 403 9 354 492 888 322 0 912 159 930 261 812 953 367 132 0 958 838 0 0 741 0 678 114 454 436 113 219 0 0 0 514 109 139 0 0 468 0 
351 249 637 920 503 257 90 766 0 603 0 548 299 706 264 317 877 634 918 205 94 873 0 556 0 19 411 111 147 795 308 722 0 0 677 104 30 737 46 0 343 49 158 271 743 306 886 455 572 119 0 0 47 925 309 968 375 702 334 734 0 273 432 420 172 897 3 385 0 0 978 870 959 0 729 437 36 143 0 72 0 84 218 89 0 841 136 896 0 162 15 560 205 871 0 183 937 828 90 0 187 69 0 0 0 411 0 294 88 955 0 427 945 0 508 881 924 0 0 0 0 0 820 338 683 0 980 291 935 29 250 0 585 626 0 413 0 0 0 219 
847 551 641 174 889 0 804 30 806 427 301 712 936 0 0 0 109 731 704 621 688 270 0 0 491 277 864 73 648 941 859 0 325 993 350 932 957 306 37 274 693 398 0 700 903 149 941 946 0 0 955 134 435 727 996 652 568 998 537 107 345 0 127 41 179 756 991 536 0 0 243 909 915 909 0 952 441 808 0 845 938 246 717 726 996 620 282 737 588 649 787 0 0 0 232 427 0 860 69 0 415 222 371 54 278 572 0 8 151 141 210 888 323 493 677 577 867 106 386 583 741 820 0 0 743 0 491 0 80 0 688 131 4 733 130 147 121 0 0 100 
0 127 0 771 0 987 980 0 0 0 966 149 745 210 0 16 953 0 702 37 407 0 20 0 15 0 0 294 617 191 760 612 279 959 267 501 0 962 288 662 413 271 0 844 140 171 0 131 241 438 655 338 132 0 532 19 0 893 0 0 0 87 0 0 160 143 274 277 966 899 439 923 248 0 105 282 91 982 813 173 0 478 0 549 873 0 381 781 0 444 664 95 203 73 0 481 495 348 85 503 0 214 928 233 517 0 850 0 0 0 865 473 122 965 354 473 46 0 0 378 0 338 0 0 904 0 433 278 0 0 245 165 762 714 348 0 696 664 133 510 
820 396 0 232 844 945 183 709 975 26 890 887 0 591 7 53 0 812 676 707 284 959 964 894 0 0 208 562 704 320 356 0 872 0 874 0 179 660 473 0 720 593 44 33 0 806 0 29 462 639 0 189 696 731 0 0 52 215 0 987 847 0 625 677 0 976 380 974 800 355 37 589 652 0 539 688 0 768 0 303 293 0 71 354 324 203 0 896 598 84 634 0 45 600 295 900 540 213 0 0 549 245 0 0 251 94 399 139 0 0 347 5 411 807 964 141 0 497 419 0 678 683 743 904 0 0 750 0 997 0 507 16 0 659 286 667 636 302 633 310 
493 236 0 0 0 485 0 522 0 938 0 214 213 211 276 227 0 744 0 923 78 290 0 16 29 214 0 268 530 613 0 843 949 641 539 551 667 249 813 895 985 0 217 881 714 0 606 597 804 967 759 1 228 374 48 920 0 0 628 0 0 0 0 784 531 204 283 0 964 304 128 286 973 292 0 34 0 812 396 0 68 126 733 344 74 0 0 559 0 789 0 936 990 885 0 68 950 551 0 789 478 237 230 383 952 844 377 877 896 714 982 33 363 0 0 70 0 332 0 196 114 0 0 0 0 0 768 11 106 891 720 648 0 417 153 0 920 0 885 885 
49 46 697 496 0 547 713 570 720 719 951 875 736 0 0 822 3 398 648 413 517 990 200 601 0 735 579 0 647 105 967 901 671 505 0 0 0 0 844 36 0 945 276 0 17 0 312 343 341 926 0 218 151 0 999 493 0 578 683 973 401 653 357 490 55 701 166 708 465 0 682 150 160 875 732 895 248 246 211 0 437 0 0 510 408 30 542 0 101 377 724 211 86 0 763 95 0 0 355 184 0 865 0 653 279 416 652 0 0 191 283 0 485 701 121 814 0 173 76 391 454 980 491 433 750 768 0 45 859 162 94 823 0 0 335 473 335 0 844 0 
757 0 0 473 26 730 644 690 86 578 0 826 938 829 0 344 225 0 0 0 608 705 0 626 0 188 497 836 881 365 0 615 62 0 401 0 345 407 572 363 0 611 0 165 333 84 8 0 0 873 765 595 0 354 0 773 997 670 371 643 746 57 0 102 686 0 474 0 321 0 126 0 834 236 0 0 0 0 980 545 0 0 0 970 0 301 909 22 279 0 334 409 168 94 0 0 0 237 0 0 670 50 58 298 840 920 273 649 259 185 97 393 0 874 808 265 315 922 0 995 436 291 0 278 0 11 45 0 254 348 0 852 696 307 456 805 679 586 319 0 
0 38 663 968 961 218 43 706 951 452 715 767 338 848 0 303 967 222 228 210 262 248 473 309 562 0 951 976 0 0 389 48 687 788 826 781 23 716 0 89 621 57 187 0 0 92 188 787 446 372 831 0 0 619 89 560 858 661 0 59 63 688 0 689 694 0 300 699 0 590 0 470 23 378 129 0 857 0 668 441 120 476 469 928 276 193 249 587 0 418 972 0 0 382 0 0 867 550 210 823 838 749 306 0 918 0 487 890 256 733 0 603 275 45 46 896 0 107 943 307 113 935 80 0 997 106 859 254 0 683 536 998 882 400 786 675 0 0 0 39 
0 0 0 179 621 681 506 255 184 63 818 121 688 0 0 78 356 532 846 769 712 0 800 225 59 211 0 0 377 601 865 541 0 167 581 823 400 631 572 416 864 171 211 0 0 886 694 0 312 954 842 985 128 789 501 785 535 41 163 855 37 408 0 643 378 0 259 980 282 876 0 837 0 0 265 0 0 239 322 92 856 340 600 985 491 130 208 400 0 691 0 663 0 101 673 200 669 739 0 643 0 99 195 564 586 0 209 94 19 0 196 201 0 503 432 73 0 0 0 498 219 29 0 0 0 891 162 348 683 0 768 674 857 599 0 0 0 916 577 949 
730 543 0 374 186 0 220 303 57 814 794 364 0 541 491 0 0 22 750 33 0 0 706 826 248 876 0 707 293 397 0 54 795 142 353 325 0 0 260 889 4 695 448 454 953 659 761 193 764 795 131 559 847 0 754 0 248 0 959 833 743 955 0 348 701 475 713 0 0 171 758 710 955 480 460 115 685 262 0 0 343 0 360 912 995 773 0 0 857 0 0 819 799 437 321 285 120 373 18 770 0 42 195 107 378 627 0 434 783 654 784 947 610 0 0 745 0 847 0 900 0 250 688 245 507 720 94 0 536 768 0 679 412 0 622 86 937 994 862 475 
457 73 290 676 0 177 0 180 529 0 123 257 720 96 825 200 0 639 946 0 644 0 58 990 0 407 706 382 318 118 366 269 0 375 369 551 823 341 804 461 111 313 894 0 757 34 316 0 0 733 724 919 762 949 904 881 0 316 0 0 412 646 118 931 214 112 0 944 672 62 753 0 487 0 52 0 0 26 0 47 803 0 359 146 101 327 56 996 747 340 0 123 551 650 216 0 301 899 56 94 663 358 616 479 0 970 0 409 757 236 0 159 413 0 0 824 794 457 798 33 0 0 131 165 16 648 823 852 998 674 679 0 0 628 681 159 0 886 431 521 
290 367 0 0 854 707 797 943 962 270 901 456 272 0 309 0 0 0 976 81 0 704 905 635 489 729 590 99 234 619 121 0 0 198 577 405 57 600 878 0 0 935 350 173 843 187 439 725 635 588 710 609 497 0 247 0 310 726 697 0 22 283 0 346 838 398 0 53 0 459 654 0 0 303 264 892 762 0 769 0 419 0 626 0 0 174 29 0 852 391 782 636 364 448 0 294 464 576 438 0 0 521 2 0 0 908 562 141 988 526 965 0 679 880 0 402 0 176 0 382 0 585 4 762 0 0 0 696 882 857 412 0 0 624 0 0 640 793 28 357 
0 0 984 447 138 0 0 162 0 342 280 346 818 544 928 832 14 193 0 0 39 658 0 0 0 0 283 0 0 732 573 405 617 931 615 13 998 0 876 86 193 0 154 47 395 589 0 232 0 0 275 398 852 0 985 774 213 0 168 174 999 914 229 0 273 459 587 36 0 0 424 0 432 161 0 274 0 0 226 462 0 29 604 653 280 0 948 759 272 546 200 91 0 311 0 49 481 149 506 50 0 155 290 0 1 612 0 0 114 704 599 537 514 142 386 440 144 992 618 379 514 626 733 714 659 417 0 307 400 599 0 628 624 0 455 0 993 503 0 640 
0 294 745 158 375 0 619 559 725 64 996 644 522 983 677 669 117 32 902 65 411 349 176 955 482 0 400 953 508 0 553 0 706 0 775 637 143 502 110 489 595 247 144 383 0 27 0 361 695 0 40 56 753 0 169 358 738 285 305 137 309 200 520 0 850 91 858 556 259 0 672 451 0 146 263 784 891 104 0 614 908 709 219 691 0 288 665 921 888 676 47 0 0 0 874 172 0 652 244 821 974 679 0 102 603 932 0 779 129 655 0 933 0 947 649 773 267 327 268 0 109 0 130 348 286 153 335 456 786 0 622 681 0 455 0 0 814 244 791 541 
190 433 497 271 973 299 0 55 906 470 421 959 952 933 592 0 0 706 816 34 246 945 863 0 0 494 505 704 553 421 617 577 251 475 306 0 896 160 0 766 690 860 466 62 659 731 458 976 273 148 309 221 0 28 341 0 858 0 308 0 145 711 0 0 824 187 843 0 0 857 0 0 712 292 648 749 0 0 917 446 803 584 581 0 979 0 286 295 0 886 0 667 800 760 190 299 0 0 0 864 0 884 0 874 348 466 109 696 553 26 912 0 0 428 909 698 0 214 0 915 139 413 147 0 667 0 473 805 675 0 86 159 0 0 0 0 0 351 458 410 
10 76 929 628 0 871 634 113 0 108 38 0 0 0 645 979 89 361 0 294 0 434 317 0 183 666 252 380 372 0 0 0 70 474 0 0 760 318 330 79 0 958 0 437 0 919 0 984 0 188 624 743 228 853 0 0 260 0 509 0 785 641 0 703 0 763 189 83 0 816 685 659 0 276 677 726 198 506 371 194 302 117 299 178 871 881 756 15 229 736 0 0 195 0 398 0 720 242 986 0 223 0 563 144 42 0 967 54 474 333 656 0 431 627 815 636 452 155 87 0 0 0 121 696 636 920 335 679 0 0 937 0 640 993 814 0 0 0 871 879 
347 502 252 244 150 0 0 668 0 499 576 736 411 777 0 0 0 0 397 796 276 546 559 43 0 794 0 0 76 594 991 966 678 948 188 106 486 196 0 246 549 230 0 842 264 719 474 0 0 0 0 0 833 213 68 351 0 0 0 991 273 340 890 763 711 40 0 514 0 501 0 310 677 540 157 530 553 184 0 0 0 702 0 313 796 628 67 870 0 550 0 759 906 131 108 781 99 912 364 736 740 922 940 0 679 0 0 247 293 922 0 317 706 928 261 329 970 428 405 547 0 0 0 664 302 0 0 586 0 916 994 886 793 503 244 351 0 0 172 736 
822 655 499 429 450 150 527 0 450 0 213 0 0 0 0 0 0 0 380 645 626 355 0 0 990 0 449 43 794 0 49 914 264 282 448 271 323 755 611 532 94 222 8 148 402 773 700 0 537 363 0 0 895 0 655 546 207 0 894 820 118 319 57 0 190 228 478 42 582 165 304 377 0 25 0 62 0 0 0 641 533 349 775 181 817 945 0 984 308 277 0 525 834 144 2 928 205 174 604 0 382 994 238 914 461 358 728 0 0 176 0 617 124 0 779 0 742 317 453 0 468 0 0 133 633 885 844 319 0 577 862 431 28 0 791 458 871 172 0 0 
410 402 506 0 772 64 291 282 733 331 226 359 645 373 685 0 905 34 264 612 944 875 291 122 0 0 0 0 998 172 799 375 912 990 0 692 0 0 0 577 321 472 343 0 457 0 772 72 380 0 306 0 0 0 73 36 0 386 264 0 488 0 516 783 525 0 876 764 661 951 522 315 101 502 375 280 120 341 0 0 0 532 278 0 0 367 0 411 453 0 875 0 516 409 765 305 403 937 420 875 747 142 0 226 584 849 0 433 0 0 631 0 0 0 0 853 0 0 316 0 0 219 100 510 310 885 0 0 39 949 475 521 357 640 541 410 879 736 0 0 
