0 103 546 0 278 156 587 976 559 0 484 0 89 827 345 828 604 600 969 175 162 799 0 255 404 680 92 865 0 668 0 465 98 742 178 0 0 429 0 620 953 356 718 404 54 912 0 0 376 0 621 149 0 563 603 805 715 773 900 495 466 726 917 0 455 526 0 949 371 797 0 0 0 367 863 303 836 803 633 242 5 632 689 0 533 0 27 0 495 663 0 119 0 0 868 422 70 0 0 405 199 356 951 645 393 
103 0 991 268 439 280 108 459 193 809 69 431 806 796 595 976 729 307 748 401 538 951 730 660 0 202 74 570 769 0 0 58 594 683 0 165 102 48 498 817 746 0 733 0 828 736 911 810 547 983 359 0 543 692 738 374 0 736 803 173 875 750 149 145 796 620 0 0 721 0 790 803 0 467 280 943 533 939 449 671 270 95 0 176 0 161 643 434 260 721 611 0 0 0 293 701 484 289 88 0 833 60 107 794 604 
546 991 0 466 511 268 0 452 530 302 0 0 635 773 895 0 197 13 358 801 900 647 258 0 968 555 276 436 491 391 279 86 114 751 509 0 0 0 754 0 231 0 0 807 641 731 0 671 0 899 355 0 557 633 9 0 756 391 670 41 791 0 587 470 0 911 349 237 88 260 553 230 0 380 501 20 324 0 29 504 742 73 0 909 91 820 702 554 0 0 421 894 69 0 239 87 759 857 997 125 0 0 16 598 682 
0 268 466 0 428 48 167 586 330 270 496 0 0 335 54 0 535 0 851 398 0 839 871 763 122 939 0 684 260 660 187 733 570 151 0 414 52 158 0 29 568 0 393 58 76 524 0 728 0 0 338 68 624 999 87 40 670 619 511 111 0 74 0 424 288 0 0 300 916 597 0 275 188 839 819 835 761 180 705 74 834 0 499 737 194 327 844 563 0 668 34 0 19 39 350 865 0 703 860 83 131 281 297 270 0 
278 439 511 428 0 113 431 144 530 377 178 711 494 908 260 0 644 471 957 500 114 251 23 945 819 424 0 388 0 147 72 533 0 0 648 981 173 753 0 494 212 464 465 0 382 455 0 397 902 686 0 161 0 0 0 366 842 8 0 578 678 570 902 66 0 412 847 132 0 0 0 435 698 0 32 142 729 156 0 0 114 0 474 0 875 815 0 422 0 40 387 859 70 464 618 0 921 515 944 363 482 251 777 0 614 
156 280 268 48 113 0 102 858 948 123 278 358 454 873 487 124 780 561 243 609 0 0 402 221 522 843 454 46 188 39 0 263 292 642 554 536 0 0 998 980 450 0 200 0 84 422 281 0 239 342 0 910 992 516 0 0 0 0 947 345 157 0 41 391 0 212 539 628 946 180 210 174 0 232 0 36 490 183 912 641 336 693 0 185 286 970 184 159 0 132 478 268 0 265 0 0 0 428 228 15 0 563 205 863 638 
587 108 0 167 431 102 0 181 589 776 930 817 689 510 401 0 489 537 778 886 478 0 0 0 394 0 0 964 998 551 111 75 0 480 421 821 0 0 676 0 231 898 991 0 575 42 0 757 889 745 107 0 50 126 297 601 776 553 908 192 402 0 0 257 994 0 0 100 727 0 351 0 67 626 0 432 0 855 164 72 808 421 254 0 888 675 0 38 612 0 666 575 0 509 0 0 84 0 993 351 878 980 304 0 0 
976 459 452 586 144 858 181 0 0 309 414 0 0 0 465 356 701 662 0 0 509 420 40 185 0 392 210 0 593 651 0 944 0 844 71 372 578 482 237 478 313 227 0 539 452 0 106 0 774 403 508 613 471 0 0 509 927 126 946 0 180 0 720 703 415 0 365 0 341 875 796 206 0 693 803 422 112 31 628 109 153 367 39 0 0 56 50 528 983 0 583 706 801 0 222 46 0 687 317 873 980 466 0 0 830 
559 193 530 330 530 948 589 0 0 0 408 0 993 0 65 331 680 418 0 452 626 0 929 0 568 973 508 0 348 661 782 299 700 518 15 313 0 851 109 702 0 453 129 575 80 0 159 38 660 0 948 0 606 302 886 204 0 274 0 209 603 47 985 914 33 162 0 855 0 611 470 343 202 0 680 974 0 0 0 606 0 541 430 71 121 596 168 0 934 0 594 218 740 0 0 994 979 0 528 0 0 167 235 492 960 
0 809 302 270 377 123 776 309 0 0 488 0 470 0 0 813 753 0 598 616 418 558 0 817 260 599 120 218 0 0 554 299 303 0 380 0 0 830 2 0 205 648 983 82 637 0 716 781 867 561 0 539 0 0 183 824 0 465 72 252 348 276 524 884 0 814 88 251 515 0 337 0 63 797 0 912 973 0 937 359 266 982 0 61 855 279 0 0 485 943 30 956 755 341 117 30 615 0 0 223 0 350 99 908 588 
484 69 0 496 178 278 930 414 408 488 0 772 0 699 70 363 488 0 662 0 0 693 0 0 0 487 780 964 0 0 0 990 0 704 732 600 0 587 0 237 0 666 94 0 0 164 797 86 482 292 894 194 0 0 512 438 0 328 654 58 779 468 315 560 0 976 676 571 0 0 356 0 302 574 423 323 271 251 306 687 584 0 585 164 669 372 173 962 332 44 0 892 776 218 694 204 702 555 0 0 181 123 253 332 427 
0 431 0 0 711 358 817 0 0 0 772 0 709 0 0 47 509 309 0 0 300 504 280 322 0 776 679 0 998 0 582 635 0 345 940 326 909 787 453 0 904 113 383 155 471 65 208 495 669 0 39 17 480 935 14 0 419 751 444 707 0 19 42 450 548 0 58 578 0 208 165 358 0 550 0 50 580 980 766 0 882 0 0 309 864 167 755 33 560 723 633 0 926 0 0 0 602 679 331 794 393 0 536 0 0 
89 806 635 0 494 454 689 0 993 470 0 709 0 0 809 696 422 0 420 769 260 449 0 0 0 487 911 311 440 770 758 562 0 0 826 123 79 309 0 0 580 553 792 0 0 0 912 675 185 514 584 887 735 999 499 0 420 155 438 481 0 0 321 283 0 155 801 444 135 469 939 275 486 904 5 0 809 419 369 0 678 439 219 592 0 559 0 0 412 0 823 0 700 812 642 0 46 702 589 0 0 47 138 289 0 
827 796 773 335 908 873 510 0 0 0 699 0 0 0 707 164 758 530 170 812 0 297 765 336 597 634 254 601 804 0 540 337 857 952 403 788 6 493 0 261 415 933 183 451 673 513 558 607 303 0 663 340 403 597 918 0 0 944 169 62 492 536 0 803 35 778 0 0 189 642 901 192 874 897 266 608 984 228 535 330 420 0 257 216 921 516 947 607 81 639 0 642 0 0 347 456 0 0 0 943 646 0 0 354 864 
345 595 895 54 260 487 401 465 65 0 70 0 809 707 0 121 313 0 941 147 411 328 0 560 0 995 272 175 678 836 588 638 302 877 648 834 615 975 626 253 446 196 721 947 493 0 703 868 35 0 340 660 608 175 0 414 0 271 358 0 721 177 0 589 0 269 136 955 679 0 455 249 6 0 724 629 190 422 359 682 779 157 292 281 13 282 42 522 977 254 347 466 91 584 877 915 0 617 21 249 753 421 209 0 0 
828 976 0 0 0 124 0 356 331 813 363 47 696 164 121 0 46 998 982 0 916 604 702 16 510 0 446 606 642 673 0 0 0 0 538 646 811 947 145 0 144 126 732 0 242 406 4 131 0 659 196 567 0 900 0 0 352 929 163 577 434 968 898 907 0 972 990 751 925 0 553 420 494 137 0 962 0 846 0 312 0 340 344 741 0 858 154 560 578 28 748 66 0 612 548 0 309 0 59 853 425 38 631 905 969 
604 729 197 535 644 780 489 701 680 753 488 509 422 758 313 46 0 0 413 0 910 273 20 0 0 203 523 0 494 0 837 103 921 0 418 456 616 0 0 160 0 265 0 665 0 149 0 311 0 310 0 0 272 0 0 559 532 745 0 667 0 0 650 96 94 735 984 0 0 450 0 0 803 396 0 0 951 620 0 842 973 623 337 0 199 718 936 597 0 647 0 908 96 970 204 461 0 639 739 961 441 380 861 508 0 
600 307 13 0 471 561 537 662 418 0 0 309 0 530 0 998 0 0 521 997 112 249 0 444 246 59 788 34 797 0 538 0 507 944 359 662 0 0 887 558 229 460 0 0 370 368 326 280 224 628 526 95 642 662 701 864 699 98 702 403 685 367 277 536 683 380 0 640 656 93 773 725 630 314 0 214 801 79 878 830 669 599 532 570 0 464 770 429 0 389 384 273 977 313 110 0 510 686 634 84 0 186 0 353 524 
969 748 358 851 957 243 778 0 0 598 662 0 420 170 941 982 413 521 0 0 195 0 0 0 0 277 825 6 0 909 0 417 0 820 222 0 120 609 723 0 447 0 778 582 447 431 20 0 855 535 958 123 0 181 0 938 622 268 502 409 0 0 761 700 178 109 0 317 139 882 866 119 526 681 0 0 0 814 256 73 0 0 0 119 0 117 107 556 0 267 436 201 0 0 335 754 338 564 0 6 196 568 445 528 0 
175 401 801 398 500 609 886 0 452 616 0 0 769 812 147 0 0 997 0 0 731 9 474 282 401 823 924 562 349 374 346 5 0 859 467 0 0 0 245 157 599 0 0 982 990 950 184 417 551 29 0 746 270 0 805 583 662 768 835 974 462 0 244 0 824 406 299 275 770 357 322 842 528 455 754 468 0 833 675 158 0 446 0 312 21 458 530 0 409 810 43 36 210 0 819 810 319 497 693 420 0 0 708 0 0 
162 538 900 0 114 0 478 509 626 418 0 300 260 0 411 916 910 112 195 731 0 144 184 51 872 234 577 0 996 260 836 0 7 0 800 0 0 584 469 0 0 0 60 34 182 679 960 203 11 548 574 0 293 849 0 0 670 951 52 826 423 5 127 677 0 661 217 39 0 0 612 433 85 258 362 572 204 739 558 0 624 83 632 385 996 102 709 233 0 410 902 94 0 955 950 0 0 0 0 87 322 623 884 273 263 
799 951 647 839 251 0 0 420 0 558 693 504 449 297 328 604 273 249 0 9 144 0 0 610 0 881 296 174 431 0 660 0 0 774 866 589 230 154 837 733 381 25 396 0 865 208 462 738 313 0 935 448 198 335 666 282 638 318 282 649 0 615 672 341 0 899 198 0 981 60 441 475 525 104 634 0 415 0 608 193 142 0 349 0 309 347 0 395 292 43 215 599 0 110 469 0 390 669 0 239 227 167 169 5 58 
0 730 258 871 23 402 0 40 929 0 0 280 0 765 0 702 20 0 0 474 184 0 0 0 697 117 0 574 74 166 0 368 0 152 363 647 957 815 0 880 389 158 0 563 720 477 517 685 325 820 829 293 44 0 283 488 0 657 775 0 993 0 679 265 257 844 713 883 415 0 190 367 0 385 381 944 137 281 771 958 283 691 342 28 529 485 228 421 0 434 156 714 538 762 283 477 261 928 889 0 0 570 584 674 317 
255 660 0 763 945 221 0 185 0 817 0 322 0 336 560 16 0 444 0 282 51 610 0 0 70 680 155 316 895 747 0 386 0 701 900 804 232 996 885 0 437 0 0 547 0 0 379 886 0 750 319 275 72 775 724 369 534 408 910 544 869 0 373 0 444 916 93 817 818 589 354 560 244 181 825 199 0 0 74 0 356 988 836 886 286 556 637 816 154 0 671 500 248 58 738 121 582 0 0 651 868 0 167 0 0 
404 0 968 122 819 522 394 0 568 260 0 0 0 597 0 510 0 246 0 401 872 0 697 70 0 0 848 195 183 519 0 345 384 374 391 0 72 439 719 331 0 277 21 434 199 126 479 831 13 51 533 778 82 0 0 0 633 447 0 0 618 474 948 85 985 228 0 0 712 0 909 121 823 0 459 568 547 842 583 147 619 810 930 0 646 75 0 449 0 728 683 572 0 540 979 0 407 150 515 183 486 158 999 0 879 
680 202 555 939 424 843 0 392 973 599 487 776 487 634 995 0 203 59 277 823 234 881 117 680 0 0 845 820 132 390 312 0 635 678 0 669 951 0 157 0 257 794 741 0 913 780 0 737 513 0 907 885 0 313 672 480 983 0 766 650 0 388 0 758 0 411 0 122 0 699 0 188 118 0 181 0 0 0 0 936 718 814 897 0 56 660 722 0 413 0 991 286 74 0 373 0 464 0 499 0 178 0 366 655 408 
92 74 276 0 0 454 0 210 508 120 780 679 911 254 272 446 523 788 825 924 577 296 0 155 848 845 0 0 100 104 0 0 0 351 321 824 208 761 375 774 497 103 677 708 0 31 146 799 0 0 0 490 0 922 0 406 755 0 661 0 575 476 3 795 104 613 984 610 0 176 239 0 561 195 739 0 98 998 717 105 0 0 95 34 0 0 218 0 354 0 447 0 0 623 0 199 0 0 786 200 469 83 0 324 738 
865 570 436 684 388 46 964 0 0 218 964 0 311 601 175 606 0 34 6 562 0 174 574 316 195 820 0 0 289 0 896 0 0 70 0 599 73 446 0 0 934 730 604 897 644 578 0 886 919 399 83 919 0 119 45 0 23 38 639 291 282 174 0 0 593 880 234 216 0 525 608 730 0 54 157 856 0 280 0 0 0 0 0 824 904 429 465 619 0 0 231 194 935 908 301 991 398 33 86 621 990 11 681 47 606 
0 769 491 260 0 188 998 593 348 0 0 998 440 804 678 642 494 797 0 349 996 431 74 895 183 132 100 289 0 925 37 384 278 38 744 0 251 484 540 432 521 0 0 0 774 809 147 579 0 118 480 0 635 0 451 19 0 0 400 0 751 919 749 826 663 677 16 0 260 0 833 0 0 397 187 51 833 430 194 0 618 734 0 376 0 671 234 916 0 17 165 0 0 993 107 75 581 847 681 9 151 674 0 0 407 
668 0 391 660 147 39 551 651 661 0 0 0 770 0 836 673 0 0 909 374 260 0 166 747 519 390 104 0 925 0 596 178 232 547 499 756 310 0 115 298 0 883 621 0 299 434 32 649 186 372 933 0 856 529 0 0 209 775 0 22 0 0 0 0 313 960 287 3 189 353 230 209 425 188 17 10 961 10 502 985 2 456 0 447 596 96 0 277 595 416 0 171 798 628 787 0 14 139 85 581 185 0 917 267 766 
0 0 279 187 72 0 111 0 782 554 0 582 758 540 588 0 837 538 0 346 836 660 0 0 0 312 0 896 37 596 0 0 0 808 815 0 598 0 304 442 754 576 962 0 0 372 82 642 267 54 235 454 85 0 313 728 141 0 363 696 0 0 341 0 940 980 834 27 0 0 0 784 147 0 0 37 474 0 456 625 104 623 973 564 0 757 370 177 133 0 0 697 21 417 25 927 0 174 419 982 236 351 37 98 404 
465 58 86 733 533 263 75 944 299 299 990 635 562 337 638 0 103 0 417 5 0 0 368 386 345 0 0 0 384 178 0 0 236 0 293 0 83 0 32 678 0 614 174 75 206 0 734 0 0 53 644 395 0 241 127 0 924 66 118 588 0 0 0 646 523 68 0 982 851 626 0 307 708 553 429 777 545 0 18 286 736 559 636 587 0 813 0 337 0 386 620 21 780 0 902 502 400 392 0 781 286 509 436 0 791 
98 594 114 570 0 292 0 0 700 303 0 0 0 857 302 0 921 507 0 0 7 0 0 0 384 635 0 0 278 232 0 236 0 0 0 796 363 778 908 329 453 414 596 873 129 580 646 363 348 328 851 844 843 549 753 310 0 0 41 170 240 0 95 0 179 175 80 274 0 466 120 295 565 708 8 844 95 0 569 0 680 431 416 776 383 0 975 260 997 566 842 562 0 825 383 273 94 0 235 162 854 771 66 24 742 
742 683 751 151 0 642 480 844 518 0 704 345 0 952 877 0 0 944 820 859 0 774 152 701 374 678 351 70 38 547 808 0 0 0 745 777 619 872 557 560 948 0 339 11 0 23 0 172 466 0 86 445 830 620 694 634 284 0 0 0 545 345 722 866 45 468 705 0 0 286 691 590 932 0 637 0 217 653 0 0 149 351 437 751 0 163 943 753 363 991 316 848 0 111 0 262 650 349 433 463 0 0 0 634 575 
178 0 509 0 648 554 421 71 15 380 732 940 826 403 648 538 418 359 222 467 800 866 363 900 391 0 321 0 744 499 815 293 0 745 0 0 0 524 961 32 647 774 0 392 509 35 896 780 547 412 24 865 0 199 5 373 246 0 0 331 0 99 820 319 0 0 364 591 566 715 667 575 0 898 0 35 483 0 875 576 0 800 136 0 767 904 284 832 224 907 76 0 0 0 272 0 412 0 0 599 926 340 0 0 328 
0 165 0 414 981 536 821 372 313 0 600 326 123 788 834 646 456 662 0 0 0 589 647 804 0 669 824 599 0 756 0 0 796 777 0 0 0 743 0 0 0 0 0 908 472 730 174 877 111 965 0 0 39 880 625 587 685 843 805 53 0 852 493 513 162 0 507 683 645 0 532 95 268 949 0 0 378 559 799 585 654 705 0 747 192 615 132 945 668 279 0 84 786 0 634 488 738 0 0 343 240 778 694 520 575 
0 102 0 52 173 0 0 578 0 0 0 909 79 6 615 811 616 0 120 0 0 230 957 232 72 951 208 73 251 310 598 83 363 619 0 0 0 293 767 409 194 0 0 47 504 752 988 923 421 0 93 355 879 0 61 647 862 171 766 749 995 176 664 0 44 21 283 638 0 746 170 538 136 810 906 724 745 923 604 0 924 417 0 0 845 239 497 0 422 854 750 697 0 380 940 0 0 0 173 573 7 428 55 0 641 
429 48 0 158 753 0 0 482 851 830 587 787 309 493 975 947 0 0 609 0 584 154 815 996 439 0 761 446 484 0 0 0 778 872 524 743 293 0 243 384 373 0 27 723 0 0 67 565 626 914 964 689 0 472 244 443 585 454 0 0 567 0 660 737 92 63 0 688 788 782 133 604 500 0 51 0 681 478 0 818 714 581 890 90 396 317 704 855 692 672 0 413 0 466 936 782 742 0 795 234 871 788 0 249 0 
0 498 754 0 0 998 676 237 109 2 0 453 0 0 626 145 0 887 723 245 469 837 0 885 719 157 375 0 540 115 304 32 908 557 961 0 767 243 0 150 0 937 15 362 199 0 0 0 992 913 0 695 40 741 800 977 515 0 0 563 825 458 0 941 0 503 601 163 0 164 471 707 765 679 680 0 0 276 796 887 972 579 934 48 730 666 0 0 197 135 575 865 849 640 0 5 0 0 0 0 500 0 994 27 574 
620 817 0 29 494 980 0 478 702 0 237 0 0 261 253 0 160 558 0 157 0 733 880 0 331 0 774 0 432 298 442 678 329 560 32 0 409 384 150 0 566 602 465 328 837 814 0 997 175 400 421 0 219 80 0 767 965 594 0 0 0 81 509 0 390 954 547 178 406 540 20 0 688 46 178 609 0 103 672 0 661 532 869 261 0 0 0 510 978 731 109 968 447 744 709 970 784 0 0 0 418 0 363 0 0 
953 746 231 568 212 450 231 313 0 205 0 904 580 415 446 144 0 229 447 599 0 381 389 437 0 257 497 934 521 0 754 0 453 948 647 0 194 373 0 566 0 21 451 830 428 498 617 0 0 0 0 366 574 462 0 0 567 915 294 0 0 238 0 363 1 0 0 523 845 623 480 674 67 873 867 140 382 512 738 868 669 0 592 372 661 177 22 330 350 384 671 437 941 699 311 22 214 0 319 803 208 0 535 643 145 
356 0 0 0 464 0 898 227 453 648 666 113 553 933 196 126 265 460 0 0 0 25 158 0 277 794 103 730 0 883 576 614 414 0 774 0 0 0 937 602 21 0 336 743 820 430 0 328 510 247 206 498 110 0 0 123 142 723 353 0 0 502 422 74 4 0 0 0 567 276 422 132 581 0 308 905 849 0 483 762 398 0 193 660 107 32 246 0 975 694 209 253 831 797 418 991 553 0 45 49 577 907 881 241 0 
718 733 0 393 465 200 991 0 129 983 94 383 792 183 721 732 0 0 778 0 60 396 0 0 21 741 677 604 0 621 962 174 596 339 0 0 0 27 15 465 451 336 0 9 0 0 116 338 834 0 0 171 0 435 845 362 0 638 828 487 0 134 107 0 901 558 0 299 877 741 630 800 218 984 113 0 0 0 0 471 647 0 632 481 57 755 0 793 765 0 0 712 972 160 953 802 0 751 0 0 942 82 53 445 0 
404 0 807 58 0 0 0 539 575 82 0 155 0 451 947 0 665 0 582 982 34 0 563 547 434 0 708 897 0 0 0 75 873 11 392 908 47 723 362 328 830 743 9 0 621 501 0 0 620 488 845 434 28 0 730 0 0 912 0 756 30 85 0 824 886 0 343 0 0 0 164 0 279 341 265 0 546 354 0 282 0 309 429 125 668 636 856 309 160 187 418 0 627 0 367 0 0 194 975 677 724 244 20 379 644 
54 828 641 76 382 84 575 452 80 637 0 471 0 673 493 242 0 370 447 990 182 865 720 0 199 913 0 644 774 299 0 206 129 0 509 472 504 0 199 837 428 820 0 621 0 0 0 391 975 880 690 138 837 0 11 940 282 87 424 9 223 318 699 0 672 0 204 447 436 0 639 0 696 0 537 482 993 837 0 791 446 0 499 195 273 749 636 921 0 0 818 712 609 0 0 0 0 4 214 117 0 968 512 531 0 
912 736 731 524 455 422 42 0 0 0 164 65 0 513 0 406 149 368 431 950 679 208 477 0 126 780 31 578 809 434 372 0 580 23 35 730 752 0 0 814 498 430 0 501 0 0 779 0 458 849 603 432 424 0 744 18 0 599 878 694 942 31 662 289 219 0 0 680 294 288 0 414 108 196 225 616 531 14 233 52 759 449 12 391 730 923 0 234 304 811 716 61 0 2 879 0 983 27 163 0 661 0 941 121 86 
0 911 0 0 0 281 0 106 159 716 797 208 912 558 703 4 0 326 20 184 960 462 517 379 479 0 146 0 147 32 82 734 646 0 896 174 988 67 0 0 617 0 116 0 0 779 0 394 0 158 469 720 496 73 282 394 921 0 459 964 477 0 679 477 965 0 385 876 70 357 323 338 200 0 659 934 820 621 768 219 0 0 533 0 771 78 431 546 0 871 578 286 816 19 0 651 643 857 786 607 0 167 125 182 0 
0 810 671 728 397 0 757 0 38 781 86 495 675 607 868 131 311 280 0 417 203 738 685 886 831 737 799 886 579 649 642 0 363 172 780 877 923 565 0 997 0 328 338 0 391 0 394 0 0 388 552 0 845 0 94 359 603 0 439 981 0 104 885 0 335 209 417 0 0 412 91 674 605 894 546 0 849 436 637 674 0 274 969 840 0 520 16 114 0 152 463 918 268 213 248 452 869 0 0 0 22 0 0 0 273 
376 547 0 0 902 239 889 774 660 867 482 669 185 303 35 0 0 224 855 551 11 313 325 0 13 513 0 919 0 186 267 0 348 466 547 111 421 626 992 175 0 510 834 620 975 458 0 0 0 0 589 659 0 0 258 591 450 935 729 560 0 997 967 381 552 112 531 991 0 975 65 743 0 665 0 886 388 849 0 0 32 609 125 527 0 0 155 977 0 225 796 395 906 259 408 350 757 0 844 0 188 708 496 566 0 
0 983 899 0 686 342 745 403 0 561 292 0 514 0 0 659 310 628 535 29 548 0 820 750 51 0 0 399 118 372 54 53 328 0 412 965 0 914 913 400 0 247 0 488 880 849 158 388 0 0 274 748 952 519 436 756 163 574 0 349 308 987 214 829 725 850 597 665 786 122 534 897 413 0 576 999 247 38 0 0 522 579 0 348 941 68 0 871 334 0 465 726 402 75 878 186 324 667 880 405 911 664 0 715 67 
621 359 355 338 0 0 107 508 948 0 894 39 584 663 340 196 0 526 958 0 574 935 829 319 533 907 0 83 480 933 235 644 851 86 24 0 93 964 0 421 0 206 0 845 690 603 469 552 589 274 0 924 410 57 130 0 219 551 107 767 879 0 543 0 0 502 346 896 4 215 0 0 532 309 699 902 206 0 587 204 0 937 58 966 94 85 729 0 808 294 394 550 0 30 518 22 944 14 244 0 135 137 0 193 511 
149 0 0 68 161 910 0 613 0 539 194 17 887 340 660 567 0 95 123 746 0 448 293 275 778 885 490 919 0 0 454 395 844 445 865 0 355 689 695 0 366 498 171 434 138 432 720 0 659 748 924 0 556 0 0 556 0 251 113 0 757 305 144 0 0 0 612 111 666 878 840 618 779 0 326 359 882 242 332 263 311 789 389 81 875 70 0 391 0 0 0 240 686 0 343 731 128 377 213 800 14 717 0 528 128 
0 543 557 624 0 992 50 471 606 0 0 480 735 403 608 0 272 642 0 270 293 198 44 72 82 0 0 0 635 856 85 0 843 830 0 39 879 0 40 219 574 110 0 28 837 424 496 845 0 952 410 556 0 429 0 239 39 654 0 0 329 403 0 470 335 444 538 321 908 779 105 564 49 0 357 827 56 666 481 44 579 598 801 0 675 785 372 957 838 109 440 150 0 131 0 34 973 179 0 213 729 703 838 746 259 
563 692 633 999 0 516 126 0 302 0 0 935 999 597 175 900 0 662 181 0 849 335 0 775 0 313 922 119 0 529 0 241 549 620 199 880 0 472 741 80 462 0 435 0 0 0 73 0 0 519 57 0 429 0 659 400 0 182 34 768 87 238 600 637 271 444 790 0 595 0 674 766 624 0 359 736 0 0 646 589 119 263 101 113 635 0 88 953 911 496 564 723 984 354 781 934 83 0 632 832 0 0 0 0 390 
603 738 9 87 0 0 297 0 886 183 512 14 499 918 0 0 0 701 0 805 0 666 283 724 0 672 0 45 451 0 313 127 753 694 5 625 61 244 800 0 0 0 845 730 11 744 282 94 258 436 130 0 0 659 0 501 228 0 401 0 946 155 257 279 0 526 0 959 719 739 671 965 46 422 758 574 451 789 740 690 492 52 0 389 630 648 733 732 302 93 0 0 533 0 241 589 772 851 0 327 30 781 335 401 10 
805 374 0 40 366 0 601 509 204 824 438 0 0 0 414 0 559 864 938 583 0 282 488 369 0 480 406 0 19 0 728 0 310 634 373 587 647 443 977 767 0 123 362 0 940 18 394 359 591 756 0 556 239 400 501 0 653 0 0 763 0 998 769 998 276 0 0 733 307 396 0 0 924 724 0 262 936 490 670 374 806 80 191 87 261 134 0 730 162 72 357 23 635 377 651 148 568 0 289 294 833 662 0 548 295 
715 0 756 670 842 0 776 927 0 0 0 419 420 0 0 352 532 699 622 662 670 638 0 534 633 983 755 23 0 209 141 924 0 284 246 685 862 585 515 965 567 142 0 0 282 0 921 603 450 163 219 0 39 0 228 653 0 527 555 346 0 0 6 768 114 0 594 800 0 586 570 0 148 809 0 801 0 415 570 227 361 978 0 682 339 314 0 600 3 238 434 0 0 388 182 340 934 687 664 0 0 868 207 749 539 
773 736 391 619 8 0 553 126 274 465 328 751 155 944 271 929 745 98 268 768 951 318 657 408 447 0 0 38 0 775 0 66 0 0 0 843 171 454 0 594 915 723 638 912 87 599 0 0 935 574 551 251 654 182 0 0 527 0 131 0 256 259 0 651 949 88 951 0 0 212 513 0 425 126 38 0 854 788 61 386 0 958 0 0 614 489 465 801 439 0 145 0 42 513 447 869 405 871 0 690 705 116 95 276 0 
900 803 670 511 0 947 908 946 0 72 654 444 438 169 358 163 0 702 502 835 52 282 775 910 0 766 661 639 400 0 363 118 41 0 0 805 766 0 0 0 294 353 828 0 424 878 459 439 729 0 107 113 0 34 401 0 555 131 0 0 331 623 714 896 79 677 420 743 478 0 763 37 0 455 328 0 15 448 194 0 990 302 751 976 0 42 223 169 637 773 219 0 994 996 901 837 0 849 712 414 0 0 199 782 661 
495 173 41 111 578 345 192 0 209 252 58 707 481 62 0 577 667 403 409 974 826 649 0 544 0 650 0 291 0 22 696 588 170 0 331 53 749 0 563 0 0 0 487 756 9 694 964 981 560 349 767 0 0 768 0 763 346 0 0 0 0 867 266 663 793 100 0 368 374 965 740 354 638 734 651 0 144 90 566 95 0 309 275 0 265 727 966 0 633 0 0 262 269 519 302 546 186 90 301 969 922 730 846 595 434 
466 875 791 0 678 157 402 180 603 348 779 0 0 492 721 434 0 685 0 462 423 0 993 869 618 0 575 282 751 0 0 0 240 545 0 0 995 567 825 0 0 0 0 30 223 942 477 0 0 308 879 757 329 87 946 0 0 256 331 0 0 883 122 917 757 0 0 266 0 918 0 356 0 249 768 0 702 160 137 0 53 806 481 215 750 192 940 959 446 706 467 493 472 0 761 788 0 538 903 904 525 989 0 0 908 
726 750 0 74 570 0 0 0 47 276 468 19 0 536 177 968 0 367 0 0 5 615 0 0 474 388 476 174 919 0 0 0 0 345 99 852 176 0 458 81 238 502 134 85 318 31 0 104 997 987 0 305 403 238 155 998 0 259 623 867 883 0 183 0 0 659 0 0 950 0 0 14 224 788 500 449 866 599 550 0 736 0 36 960 441 777 655 943 0 530 0 0 659 781 107 331 0 354 0 0 0 365 0 952 713 
917 149 587 0 902 41 0 720 985 524 315 42 321 0 0 898 650 277 761 244 127 672 679 373 948 0 3 0 749 0 341 0 95 722 820 493 664 660 0 509 0 422 107 0 699 662 679 885 967 214 543 144 0 600 257 769 6 0 714 266 122 183 0 212 0 353 252 0 70 867 0 753 528 465 417 0 971 0 0 944 100 72 536 644 393 0 209 96 203 0 319 0 801 244 679 0 0 0 796 0 397 202 16 32 0 
0 145 470 424 66 391 257 703 914 884 560 450 283 803 589 907 96 536 700 0 677 341 265 0 85 758 795 0 826 0 0 646 0 866 319 513 0 737 941 0 363 74 0 824 0 289 477 0 381 829 0 0 470 637 279 998 768 651 896 663 917 0 212 0 908 236 660 504 0 977 510 262 699 642 562 138 224 61 490 711 411 586 308 500 399 585 827 628 519 0 711 628 0 575 544 77 106 995 0 218 122 887 358 0 0 
455 796 0 288 0 0 994 415 33 0 0 548 0 35 0 0 94 683 178 824 0 0 257 444 985 0 104 593 663 313 940 523 179 45 0 162 44 92 0 390 1 4 901 886 672 219 965 335 552 725 0 0 335 271 0 276 114 949 79 793 757 0 0 908 0 972 0 959 473 955 159 773 22 945 943 312 825 431 0 0 554 334 0 0 186 547 348 181 0 0 0 299 517 955 264 515 664 797 530 0 300 398 429 0 571 
526 620 911 0 412 212 0 0 162 814 976 0 155 778 269 972 735 380 109 406 661 899 844 916 228 411 613 880 677 960 980 68 175 468 0 0 21 63 503 954 0 0 558 0 0 0 0 209 112 850 502 0 444 444 526 0 0 88 677 100 0 659 353 236 972 0 537 0 321 298 0 0 809 153 469 796 571 0 0 947 318 0 0 356 445 243 923 676 0 297 287 922 134 690 0 160 0 15 0 0 167 351 0 0 212 
0 0 349 0 847 539 0 365 0 88 676 58 801 0 136 990 984 0 0 299 217 198 713 93 0 0 984 234 16 287 834 0 80 705 364 507 283 0 601 547 0 0 0 343 204 0 385 417 531 597 346 612 538 790 0 0 594 951 420 0 0 0 252 660 0 537 0 203 14 0 577 106 597 777 0 9 0 141 90 209 880 0 424 0 0 0 728 217 850 254 0 786 0 0 129 289 178 0 541 751 934 695 712 551 26 
949 0 237 300 132 628 100 0 855 251 571 578 444 0 955 751 0 640 317 275 39 0 883 817 0 122 610 216 0 3 27 982 274 0 591 683 638 688 163 178 523 0 299 0 447 680 876 0 991 665 896 111 321 0 959 733 800 0 743 368 266 0 0 504 959 0 203 0 0 207 0 305 0 978 98 0 77 661 44 0 0 194 277 245 726 684 0 444 481 349 861 215 0 390 0 906 257 60 8 74 0 150 68 191 399 
371 721 88 916 0 946 727 341 0 515 0 0 135 189 679 925 0 656 139 770 0 981 415 818 712 0 0 0 260 189 0 851 0 0 566 645 0 788 0 406 845 567 877 0 436 294 70 0 0 786 4 666 908 595 719 307 0 0 478 374 0 950 70 0 473 321 14 0 0 0 0 522 369 536 0 245 0 455 605 205 258 0 249 19 884 499 0 46 939 177 129 942 981 632 458 727 192 867 237 546 593 207 659 751 384 
797 0 260 597 0 180 0 875 611 0 0 208 469 642 0 0 450 93 882 357 0 60 0 589 0 699 176 525 0 353 0 626 466 286 715 0 746 782 164 540 623 276 741 0 0 288 357 412 975 122 215 878 779 0 739 396 586 212 0 965 918 0 867 977 955 298 0 207 0 0 452 753 0 941 621 499 21 133 0 0 524 745 0 389 709 0 48 0 0 775 83 0 857 817 990 58 543 0 924 577 786 990 0 996 0 
0 790 553 0 0 210 351 796 470 337 356 165 939 901 455 553 0 773 866 322 612 441 190 354 909 0 239 608 833 230 0 0 120 691 667 532 170 133 471 20 480 422 630 164 639 0 323 91 65 534 0 840 105 674 671 0 570 513 763 740 0 0 0 510 159 0 577 0 0 452 0 789 152 0 0 0 720 102 0 359 887 213 658 150 518 0 983 151 0 866 175 869 170 138 0 141 552 848 175 367 683 0 108 411 668 
0 803 230 275 435 174 0 206 343 0 0 358 275 192 249 420 0 725 119 842 433 475 367 560 121 188 0 730 0 209 784 307 295 590 575 95 538 604 707 0 674 132 800 0 0 414 338 674 743 897 0 618 564 766 965 0 0 0 37 354 356 14 753 262 773 0 106 305 522 753 789 0 461 205 118 991 611 0 422 0 0 518 0 0 327 0 795 444 175 609 0 577 480 785 0 297 781 198 778 549 951 139 290 848 0 
0 0 0 188 698 0 67 0 202 63 302 0 486 874 6 494 803 630 526 528 85 525 0 244 823 118 561 0 0 425 147 708 565 932 0 268 136 500 765 688 67 581 218 279 696 108 200 605 0 413 532 779 49 624 46 924 148 425 0 638 0 224 528 699 22 809 597 0 369 0 152 461 0 703 0 708 0 523 890 0 125 335 253 756 538 502 0 690 485 641 610 114 314 485 0 486 34 798 821 304 0 501 109 342 973 
367 467 380 839 0 232 626 693 0 797 574 550 904 897 0 137 396 314 681 455 258 104 385 181 0 0 195 54 397 188 0 553 708 0 898 949 810 0 679 46 873 0 984 341 0 196 0 894 665 0 309 0 0 0 422 724 809 126 455 734 249 788 465 642 945 153 777 978 536 941 0 205 703 0 195 948 641 894 0 781 309 393 982 250 680 0 838 577 348 0 0 280 412 0 854 692 158 617 535 84 0 464 27 0 189 
863 280 501 819 32 0 0 803 680 0 423 0 5 266 724 0 0 0 0 754 362 634 381 825 459 181 739 157 187 17 0 429 8 637 0 0 906 51 680 178 867 308 113 265 537 225 659 546 0 576 699 326 357 359 758 0 0 38 328 651 768 500 417 562 943 469 0 98 0 621 0 118 0 195 0 662 184 990 0 226 279 0 0 18 0 564 148 576 797 805 834 0 239 0 784 41 0 653 686 260 618 0 0 976 813 
303 943 20 835 142 36 432 422 974 912 323 50 0 608 629 962 0 214 0 468 572 0 944 199 568 0 0 856 51 10 37 777 844 0 35 0 724 0 0 609 140 905 0 0 482 616 934 0 886 999 902 359 827 736 574 262 801 0 0 0 0 449 0 138 312 796 9 0 245 499 0 991 708 948 662 0 854 162 92 436 0 18 0 794 231 730 0 0 742 215 0 571 118 778 661 438 908 661 685 436 384 626 0 0 932 
836 533 324 761 729 490 0 112 0 973 271 580 809 984 190 0 951 801 0 0 204 415 137 0 547 0 98 0 833 961 474 545 95 217 483 378 745 681 0 0 382 849 0 546 993 531 820 849 388 247 206 882 56 0 451 936 0 854 15 144 702 866 971 224 825 571 0 77 0 21 720 611 0 641 184 854 0 484 843 5 781 585 428 936 553 488 324 0 637 0 438 142 0 0 798 229 690 0 890 552 0 413 40 650 336 
803 939 0 180 156 183 855 31 0 0 251 980 419 228 422 846 620 79 814 833 739 0 281 0 842 0 998 280 430 10 0 0 0 653 0 559 923 478 276 103 512 0 0 354 837 14 621 436 849 38 0 242 666 0 789 490 415 788 448 90 160 599 0 61 431 0 141 661 455 133 102 0 523 894 990 162 484 0 379 0 585 409 997 348 442 199 812 0 0 95 0 253 0 231 191 0 455 0 232 0 0 966 379 0 911 
633 449 29 705 0 912 164 628 0 937 306 766 369 535 359 0 0 878 256 675 558 608 771 74 583 0 717 0 194 502 456 18 569 0 875 799 604 0 796 672 738 483 0 0 0 233 768 637 0 0 587 332 481 646 740 670 570 61 194 566 137 550 0 490 0 0 90 44 605 0 0 422 890 0 0 92 843 379 0 518 0 848 0 0 515 499 0 517 724 195 640 0 300 0 0 300 738 211 832 103 761 433 686 16 805 
242 671 504 74 0 641 72 109 606 359 687 0 0 330 682 312 842 830 73 158 0 193 958 0 147 936 105 0 0 985 625 286 0 0 576 585 0 818 887 0 868 762 471 282 791 52 219 674 0 0 204 263 44 589 690 374 227 386 0 95 0 0 944 711 0 947 209 0 205 0 359 0 0 781 226 436 5 0 518 0 515 146 395 877 31 23 392 0 186 665 664 0 933 848 0 724 0 0 135 52 830 536 0 917 0 
5 270 742 834 114 336 808 153 0 266 584 882 678 420 779 0 973 669 0 0 624 142 283 356 619 718 0 0 618 2 104 736 680 149 0 654 924 714 972 661 669 398 647 0 446 759 0 0 32 522 0 311 579 119 492 806 361 0 990 0 53 736 100 411 554 318 880 0 258 524 887 0 125 309 279 0 781 585 0 515 0 660 981 0 87 0 86 880 716 0 815 0 0 0 371 396 746 390 301 0 363 773 0 6 0 
632 95 73 0 0 693 421 367 541 982 0 0 439 0 157 340 623 599 0 446 83 0 691 988 810 814 0 0 734 456 623 559 431 351 800 705 417 581 579 532 0 0 0 309 0 449 0 274 609 579 937 789 598 263 52 80 978 958 302 309 806 0 72 586 334 0 0 194 0 745 213 518 335 393 0 18 585 409 848 146 660 0 166 626 590 0 33 599 0 0 745 0 654 0 859 0 631 0 853 157 0 88 289 222 399 
689 0 0 499 474 0 254 39 430 0 585 0 219 257 292 344 337 532 0 0 632 349 342 836 930 897 95 0 0 0 973 636 416 437 136 0 0 890 934 869 592 193 632 429 499 12 533 969 125 0 58 389 801 101 0 191 0 0 751 275 481 36 536 308 0 0 424 277 249 0 658 0 253 982 0 0 428 997 0 395 981 166 0 185 0 732 323 328 759 99 993 268 0 0 169 664 330 846 862 0 769 730 575 995 748 
0 176 909 737 0 185 0 0 71 61 164 309 592 216 281 741 0 570 119 312 385 0 28 886 0 0 34 824 376 447 564 587 776 751 0 747 0 90 48 261 372 660 481 125 195 391 0 840 527 348 966 81 0 113 389 87 682 0 976 0 215 960 644 500 0 356 0 245 19 389 150 0 756 250 18 794 936 348 0 877 0 626 185 0 191 0 71 0 659 312 455 353 702 839 648 805 950 515 286 0 196 0 484 0 578 
533 0 91 194 875 286 888 0 121 855 669 864 0 921 13 0 199 0 0 21 996 309 529 286 646 56 0 904 0 596 0 0 383 0 767 192 845 396 730 0 661 107 57 668 273 730 771 0 0 941 94 875 675 635 630 261 339 614 0 265 750 441 393 399 186 445 0 726 884 709 518 327 538 680 0 231 553 442 515 31 87 590 0 191 0 974 8 962 0 310 153 383 989 805 139 354 64 0 0 182 0 538 322 374 590 
0 161 820 327 815 970 675 56 596 279 372 167 559 516 282 858 718 464 117 458 102 347 485 556 75 660 0 429 671 96 757 813 0 163 904 615 239 317 666 0 177 32 755 636 749 923 78 520 0 68 85 70 785 0 648 134 314 489 42 727 192 777 0 585 547 243 0 684 499 0 0 0 502 0 564 730 488 199 499 23 0 0 732 0 974 0 119 205 490 477 468 0 260 989 861 425 917 734 774 500 856 22 941 728 0 
27 643 702 844 0 184 0 50 168 0 173 755 0 947 42 154 936 770 107 530 709 0 228 637 0 722 218 465 234 0 370 0 975 943 284 132 497 704 0 0 22 246 0 856 636 0 431 16 155 0 729 0 372 88 733 0 0 465 223 966 940 655 209 827 348 923 728 0 0 48 983 795 0 838 148 0 324 812 0 392 86 33 323 71 8 119 0 94 689 0 831 655 250 352 310 257 429 227 128 425 459 651 244 731 968 
0 434 554 563 422 159 38 528 0 0 962 33 0 607 522 560 597 429 556 0 233 395 421 816 449 0 0 619 916 277 177 337 260 753 832 945 0 855 0 510 330 0 793 309 921 234 546 114 977 871 0 391 957 953 732 730 600 801 169 0 959 943 96 628 181 676 217 444 46 0 151 444 690 577 576 0 0 0 517 0 880 599 328 0 962 205 94 0 654 0 394 225 0 0 242 543 825 100 0 164 625 0 607 0 439 
495 260 0 0 0 0 612 983 934 485 332 560 412 81 977 578 0 0 0 409 0 292 0 154 0 413 354 0 0 595 133 0 997 363 224 668 422 692 197 978 350 975 765 160 0 304 0 0 0 334 808 0 838 911 302 162 3 439 637 633 446 0 203 519 0 0 850 481 939 0 0 175 485 348 797 742 637 0 724 186 716 0 759 659 0 490 689 654 0 852 0 476 0 12 415 910 399 823 496 113 275 0 0 544 96 
663 721 0 668 40 132 0 0 0 943 44 723 0 639 254 28 647 389 267 810 410 43 434 0 728 0 0 0 17 416 0 386 566 991 907 279 854 672 135 731 384 694 0 187 0 811 871 152 225 0 294 0 109 496 93 72 238 0 773 0 706 530 0 0 0 297 254 349 177 775 866 609 641 0 805 215 0 95 195 665 0 0 99 312 310 477 0 0 852 0 458 0 0 0 909 611 609 124 145 0 334 680 355 597 571 
0 611 421 34 387 478 666 583 594 30 0 633 823 0 347 748 0 384 436 43 902 215 156 671 683 991 447 231 165 0 0 620 842 316 76 0 750 0 575 109 671 209 0 418 818 716 578 463 796 465 394 0 440 564 0 357 434 145 219 0 467 0 319 711 0 287 0 861 129 83 175 0 610 0 834 0 438 0 640 664 815 745 993 455 153 468 831 394 0 458 0 0 715 831 210 0 217 276 411 0 464 0 774 0 61 
119 0 894 0 859 268 575 706 218 956 892 0 0 642 466 66 908 273 201 36 94 599 714 500 572 286 0 194 0 171 697 21 562 848 0 84 697 413 865 968 437 253 712 0 712 61 286 918 395 726 550 240 150 723 0 23 0 0 0 262 493 0 0 628 299 922 786 215 942 0 869 577 114 280 0 571 142 253 0 0 0 0 268 353 383 0 655 225 476 0 0 0 955 977 306 0 891 944 480 755 0 804 0 690 328 
0 0 69 19 70 0 0 801 740 755 776 926 700 0 91 0 96 977 0 210 0 0 538 248 0 74 0 935 0 798 21 780 0 0 0 786 0 0 849 447 941 831 972 627 609 0 816 268 906 402 0 686 0 984 533 635 0 42 994 269 472 659 801 0 517 134 0 0 981 857 170 480 314 412 239 118 0 0 300 933 0 654 0 702 989 260 250 0 0 0 715 955 0 30 574 304 752 221 0 975 208 173 508 182 124 
0 0 0 39 464 265 509 0 0 341 218 0 812 0 584 612 970 313 0 0 955 110 762 58 540 0 623 908 993 628 417 0 825 111 0 0 380 466 640 744 699 797 160 0 0 2 19 213 259 75 30 0 131 354 0 377 388 513 996 519 0 781 244 575 955 690 0 390 632 817 138 785 485 0 0 778 0 231 0 848 0 0 0 839 805 989 352 0 12 0 831 977 30 0 0 826 133 179 373 373 0 362 955 254 846 
868 293 239 350 618 0 0 222 0 117 694 0 642 347 877 548 204 110 335 819 950 469 283 738 979 373 0 301 107 787 25 902 383 0 272 634 940 936 0 709 311 418 953 367 0 879 0 248 408 878 518 343 0 781 241 651 182 447 901 302 761 107 679 544 264 0 129 0 458 990 0 0 0 854 784 661 798 191 0 0 371 859 169 648 139 861 310 242 415 909 210 306 574 0 0 553 173 0 658 0 348 241 0 244 334 
422 701 87 865 0 0 0 46 994 30 204 0 0 456 915 0 461 0 754 810 0 0 477 121 0 0 199 991 75 0 927 502 273 262 0 488 0 782 5 970 22 991 802 0 0 0 651 452 350 186 22 731 34 934 589 148 340 869 837 546 788 331 0 77 515 160 289 906 727 58 141 297 486 692 41 438 229 0 300 724 396 0 664 805 354 425 257 543 910 611 0 0 304 826 553 0 32 109 0 20 264 67 764 706 0 
70 484 759 0 921 0 84 0 979 615 702 602 46 0 0 309 0 510 338 319 0 390 261 582 407 464 0 398 581 14 0 400 94 650 412 738 0 742 0 784 214 553 0 0 0 983 643 869 757 324 944 128 973 83 772 568 934 405 0 186 0 0 0 106 664 0 178 257 192 543 552 781 34 158 0 908 690 455 738 0 746 631 330 950 64 917 429 825 399 609 217 891 752 133 173 32 0 306 956 905 0 0 944 0 0 
0 289 857 703 515 428 0 687 0 0 555 679 702 0 617 0 639 686 564 497 0 669 928 0 150 0 0 33 847 139 174 392 0 349 0 0 0 0 0 0 0 0 751 194 4 27 857 0 0 667 14 377 179 0 851 0 687 871 849 90 538 354 0 995 797 15 0 60 867 0 848 198 798 617 653 661 0 0 211 0 390 0 846 515 0 734 227 100 823 124 276 944 221 179 0 109 306 0 736 0 0 0 894 747 737 
0 88 997 860 944 228 993 317 528 0 0 331 589 0 21 59 739 634 0 693 0 0 889 0 515 499 786 86 681 85 419 0 235 433 0 0 173 795 0 0 319 45 0 975 214 163 786 0 844 880 244 213 0 632 0 289 664 0 712 301 903 0 796 0 530 0 541 8 237 924 175 778 821 535 686 685 890 232 832 135 301 853 862 286 0 774 128 0 496 145 411 480 0 373 658 0 956 736 0 753 0 471 426 425 0 
405 0 125 83 363 15 351 873 0 223 0 794 0 943 249 853 961 84 6 420 87 239 0 651 183 0 200 621 9 581 982 781 162 463 599 343 573 234 0 0 803 49 0 677 117 0 607 0 0 405 0 800 213 832 327 294 0 690 414 969 904 0 0 218 0 0 751 74 546 577 367 549 304 84 260 436 552 0 103 52 0 157 0 0 182 500 425 164 113 0 0 755 975 373 0 20 905 0 753 0 0 221 0 19 0 
199 833 0 131 482 0 878 980 0 0 181 393 0 646 753 425 441 0 196 0 322 227 0 868 486 178 469 990 151 185 236 286 854 0 926 240 7 871 500 418 208 577 942 724 0 661 0 22 188 911 135 14 729 0 30 833 0 705 0 922 525 0 397 122 300 167 934 0 593 786 683 951 0 0 618 384 0 0 761 830 363 0 769 196 0 856 459 625 275 334 464 0 208 0 348 264 0 0 0 0 0 490 588 244 0 
356 60 0 281 251 563 980 466 167 350 123 0 47 0 421 38 380 186 568 0 623 167 570 0 158 0 83 11 674 0 351 509 771 0 340 778 428 788 0 0 0 907 82 244 968 0 167 0 708 664 137 717 703 0 781 662 868 116 0 730 989 365 202 887 398 351 695 150 207 990 0 139 501 464 0 626 413 966 433 536 773 88 730 0 538 22 651 0 0 680 0 804 173 362 241 67 0 0 471 221 490 0 546 766 652 
951 107 16 297 777 205 304 0 235 99 253 536 138 0 209 631 861 0 445 708 884 169 584 167 999 366 0 681 0 917 37 436 66 0 0 694 55 0 994 363 535 881 53 20 512 941 125 0 496 0 0 0 838 0 335 0 207 95 199 846 0 0 16 358 429 0 712 68 659 0 108 290 109 27 0 0 40 379 686 0 0 289 575 484 322 941 244 607 0 355 774 0 508 955 0 764 944 894 426 0 588 546 0 0 863 
645 794 598 270 0 863 0 0 492 908 332 0 289 354 0 905 508 353 528 0 273 5 674 0 0 655 324 47 0 267 98 0 24 634 0 520 0 249 27 0 643 241 445 379 531 121 182 0 566 715 193 528 746 0 401 548 749 276 782 595 0 952 32 0 0 0 551 191 751 996 411 848 342 0 976 0 650 0 16 917 6 222 995 0 374 728 731 0 544 597 0 690 182 254 244 706 0 747 425 19 244 766 0 0 858 
393 604 682 0 614 638 0 830 960 588 427 0 0 864 0 969 0 524 0 0 263 58 317 0 879 408 738 606 407 766 404 791 742 575 328 575 641 0 574 0 145 0 0 644 0 86 0 273 0 67 511 128 259 390 10 295 539 0 661 434 908 713 0 0 571 212 26 399 384 0 668 0 973 189 813 932 336 911 805 0 0 399 748 578 590 0 968 439 96 571 61 328 124 846 334 0 0 737 0 0 0 652 863 858 0 
