0 0 237 111 55 0 837 0 390 0 0 458 375 660 719 659 0 704 0 933 0 391 51 895 16 0 955 684 731 0 313 205 0 0 433 0 0 183 112 0 0 816 192 429 0 0 0 0 0 800 0 115 0 231 830 0 810 0 0 108 36 104 0 270 0 907 269 456 237 120 0 80 625 0 78 310 806 587 0 110 988 436 771 0 782 0 561 935 905 837 895 227 383 736 93 95 780 614 0 0 0 0 184 822 0 287 570 406 0 0 863 447 551 320 740 666 852 190 633 213 555 0 576 188 28 872 307 872 601 141 960 749 379 308 804 453 871 532 922 111 0 305 899 96 76 971 979 449 863 51 942 600 353 596 545 216 557 640 0 192 560 
0 0 960 695 549 274 965 589 0 0 463 720 0 78 509 576 368 868 881 904 135 0 422 0 986 0 145 582 530 0 319 723 233 692 490 767 0 121 511 728 580 601 442 210 533 871 565 537 509 666 598 168 385 325 75 193 504 488 300 635 585 0 586 964 0 0 772 763 397 0 417 954 906 766 811 953 256 0 0 942 343 37 0 215 0 432 611 0 854 675 256 143 891 52 950 318 424 0 573 0 0 220 908 665 482 589 0 223 56 825 771 0 182 850 912 134 0 0 0 561 276 918 320 62 736 116 813 277 199 489 0 634 0 0 869 857 168 990 0 218 111 0 792 120 76 98 440 884 618 768 0 913 776 247 321 486 321 556 515 381 56 
237 960 0 0 933 862 795 0 353 0 261 441 75 272 882 769 566 17 532 62 406 0 0 346 719 585 0 794 40 28 0 0 699 0 58 218 739 0 230 630 469 579 0 496 169 0 47 65 630 971 872 850 842 914 894 0 973 873 452 818 819 648 921 0 912 848 826 247 843 188 120 0 677 0 7 0 243 678 113 741 639 427 317 135 313 521 372 0 71 406 435 857 118 0 0 96 645 0 355 117 868 187 0 618 0 604 739 453 533 365 757 111 140 0 438 815 876 722 48 956 145 458 949 0 321 0 0 556 0 0 820 126 73 582 357 414 923 0 453 311 0 0 177 823 931 741 326 517 744 224 245 32 2 0 0 895 468 542 935 772 845 
111 695 0 0 342 0 118 0 108 771 502 0 0 0 0 965 226 851 861 69 0 522 0 683 491 0 345 0 206 683 390 171 0 319 669 924 781 449 0 371 529 970 925 166 162 305 0 497 102 210 269 536 883 895 665 978 739 520 238 0 0 223 977 966 768 415 649 903 0 461 477 252 921 939 0 595 688 630 0 173 818 993 0 910 250 954 0 0 625 521 928 918 95 601 980 0 493 701 629 508 0 178 403 727 0 791 748 619 0 780 0 900 0 300 190 226 120 861 0 484 667 315 362 102 520 966 240 0 0 834 935 0 342 0 0 599 750 443 657 873 388 608 263 327 381 260 188 956 387 703 993 695 847 688 360 16 703 925 81 0 697 
55 549 933 342 0 993 0 238 886 762 0 311 334 939 564 443 493 674 52 709 0 762 0 0 500 549 0 650 184 274 0 15 662 445 0 257 104 625 0 571 0 75 764 444 152 481 816 654 525 200 228 257 567 952 500 0 988 232 0 71 293 203 0 938 801 162 807 259 698 215 228 0 0 78 617 986 514 176 28 939 636 0 0 372 450 54 0 228 79 0 0 0 237 886 490 0 14 923 0 372 0 0 832 274 0 649 5 249 91 961 0 56 949 602 637 208 702 577 885 0 515 0 393 0 0 0 702 317 0 198 0 460 0 972 993 0 720 0 114 652 863 435 565 189 62 0 987 123 0 0 138 911 159 836 0 876 181 198 0 137 386 
0 274 862 0 993 0 3 763 997 524 592 799 923 0 214 297 706 0 187 860 601 164 634 157 0 0 412 0 817 0 0 139 357 678 84 121 497 0 625 320 0 0 353 265 43 0 839 249 884 901 523 883 499 662 909 427 0 835 865 182 0 623 268 542 0 0 871 0 636 295 891 878 208 896 814 615 585 785 222 926 0 488 524 1 638 418 965 769 775 273 751 762 455 611 0 203 347 996 0 938 154 666 961 315 841 61 0 524 321 583 740 866 622 347 189 865 0 0 630 238 0 163 194 513 919 937 849 536 0 0 0 0 0 960 40 530 817 317 640 450 0 47 45 525 824 0 505 13 0 0 0 256 0 0 0 937 954 0 0 734 0 
837 965 795 118 0 3 0 125 969 318 894 37 949 47 685 294 0 0 609 11 770 240 0 839 731 9 997 806 0 913 0 0 241 739 821 512 0 293 760 180 583 428 0 58 756 0 345 0 907 0 982 148 130 67 0 697 249 47 0 0 303 340 0 0 671 826 410 900 421 601 0 159 0 163 194 691 854 912 633 772 800 358 191 168 0 0 965 0 810 871 645 0 317 861 57 678 0 0 0 124 536 517 23 950 171 0 819 0 317 939 0 412 60 0 980 588 458 556 787 686 0 306 327 148 607 555 433 0 674 285 638 769 0 913 0 282 0 380 807 333 402 0 0 947 867 17 0 0 0 152 425 0 6 444 128 780 411 920 307 0 528 
0 589 0 0 238 763 125 0 0 98 939 0 0 788 0 528 168 155 0 440 0 588 0 0 0 0 956 887 26 0 395 767 674 505 0 0 361 260 202 91 457 0 161 865 637 0 0 0 0 346 707 0 319 95 70 343 821 977 871 0 421 0 353 166 820 676 19 212 644 0 977 675 0 773 974 110 474 33 0 162 654 112 412 832 589 635 0 683 0 0 629 0 427 372 348 694 357 143 622 563 929 849 440 554 932 0 335 273 777 145 470 328 729 0 513 677 947 93 764 0 451 645 787 497 685 918 752 267 620 591 0 541 817 0 105 696 611 0 138 145 296 985 0 520 0 798 0 411 848 692 0 0 0 123 394 53 733 176 0 675 234 
390 0 353 108 886 997 969 0 0 726 0 176 48 0 0 312 0 628 0 503 0 0 758 27 0 530 666 0 0 985 79 393 836 765 245 335 2 656 205 580 599 552 0 132 795 0 641 272 483 340 135 411 0 985 0 44 29 257 0 660 0 681 129 174 0 419 641 0 872 644 420 0 782 263 55 0 216 710 757 207 321 0 477 0 767 213 0 334 669 567 686 121 0 0 552 384 0 545 163 536 712 0 0 792 472 214 683 0 0 181 465 534 850 317 0 0 509 0 0 0 934 0 0 692 288 0 357 312 179 498 955 0 0 542 830 946 333 371 0 500 702 0 539 271 0 316 587 932 398 0 756 927 437 925 257 508 715 992 681 402 732 
0 0 0 771 762 524 318 98 726 0 115 68 933 603 545 0 365 690 188 0 127 134 651 685 939 0 466 331 0 0 925 4 31 637 930 791 0 0 315 373 735 0 217 963 355 878 769 0 886 735 0 0 0 129 480 156 606 660 0 51 0 98 0 0 0 650 658 684 10 973 848 101 863 343 0 449 141 76 906 0 919 0 248 792 804 41 717 624 0 0 852 137 454 465 0 0 599 618 857 484 938 368 490 0 787 282 397 886 346 830 817 240 46 237 714 542 635 16 467 395 621 739 778 157 134 453 837 545 952 416 71 0 552 680 153 924 0 845 469 0 446 250 593 212 474 995 0 277 0 180 498 0 861 826 102 0 370 0 0 250 506 
0 463 261 502 0 592 894 939 0 115 0 226 925 85 41 686 583 968 0 0 295 705 579 386 792 0 22 0 21 0 934 433 330 223 996 413 0 613 448 733 697 136 0 385 627 298 175 540 0 574 519 612 636 40 776 164 403 561 0 759 0 738 0 854 664 984 0 0 837 165 675 455 0 481 0 208 531 29 313 956 855 696 0 0 177 710 0 600 141 528 363 298 358 2 571 353 861 0 408 0 0 195 0 0 435 0 833 630 768 904 351 955 0 765 318 292 0 849 917 884 432 342 578 887 436 0 515 0 635 456 637 0 710 920 0 624 142 85 159 410 525 535 250 476 15 318 760 0 750 228 500 997 923 704 629 88 956 0 0 892 0 
458 720 441 0 311 799 37 0 176 68 226 0 101 0 484 31 0 0 0 905 926 509 416 984 573 579 568 0 0 412 310 111 116 833 401 0 414 167 510 0 216 0 550 958 957 82 595 246 0 0 161 214 743 353 0 72 930 677 640 0 978 887 0 114 232 316 151 30 0 308 546 588 628 0 471 749 151 391 0 468 69 204 837 0 160 0 419 0 38 889 873 0 0 55 865 868 0 0 526 150 0 0 0 913 393 203 528 473 865 254 488 663 0 805 0 0 250 0 962 816 125 476 172 0 548 840 0 6 0 719 0 843 271 898 901 0 825 480 0 517 145 785 0 0 713 241 84 946 318 643 113 0 961 0 0 817 197 378 0 906 736 
375 0 75 0 334 923 949 0 48 933 925 101 0 268 113 123 0 658 0 904 672 0 213 0 486 0 193 0 633 0 647 0 111 533 170 0 985 0 574 787 759 507 221 973 319 802 0 366 0 669 304 824 391 99 0 59 641 173 0 259 0 148 76 796 279 0 0 0 0 176 896 0 518 848 961 981 32 0 220 0 639 111 700 968 801 216 0 613 959 794 289 0 0 0 740 639 0 587 437 786 386 0 534 0 74 0 169 0 872 0 185 590 901 945 492 0 973 0 224 496 0 438 0 800 288 973 287 0 763 215 877 274 636 663 398 921 0 0 486 87 449 0 827 845 171 778 882 367 902 654 0 794 927 171 777 0 79 0 421 229 0 
660 78 272 0 939 0 47 788 0 603 85 0 268 0 536 690 460 588 697 637 698 247 0 713 364 0 794 584 0 0 92 825 732 0 84 0 495 365 587 602 504 0 798 591 214 306 834 798 480 496 146 939 454 0 993 23 0 637 0 57 470 688 266 849 0 0 184 0 308 0 724 0 638 0 578 0 0 497 68 0 0 0 616 919 421 497 604 986 525 976 626 173 738 0 0 563 585 0 731 665 417 860 526 487 963 0 0 904 322 18 503 33 649 191 736 319 592 0 0 26 0 0 919 698 93 771 580 994 45 264 75 942 671 589 0 598 608 78 408 363 391 720 949 125 126 976 960 981 241 682 163 0 98 774 827 910 0 232 79 270 0 
719 509 882 0 564 214 685 0 0 545 41 484 113 536 0 625 895 880 99 0 881 804 447 485 482 233 926 0 151 592 0 181 0 690 0 53 654 137 148 623 831 987 279 70 896 0 251 985 963 572 0 0 322 761 0 246 854 0 475 90 0 0 28 793 601 0 995 0 463 895 230 0 0 0 0 177 400 675 614 0 793 43 0 503 497 0 309 0 934 0 272 297 0 447 692 541 265 840 423 723 864 573 328 569 616 996 595 0 939 40 0 444 736 0 607 406 932 0 927 221 0 34 0 62 754 203 232 459 517 436 23 0 0 114 611 0 0 0 0 143 13 0 0 732 234 0 902 0 744 822 34 825 0 550 566 23 977 0 0 364 0 
659 576 769 965 443 297 294 528 312 0 686 31 123 690 625 0 454 842 491 827 0 220 940 0 145 93 952 0 0 996 4 891 403 772 0 208 338 714 501 755 307 954 581 599 108 245 350 412 0 412 360 0 0 0 681 248 775 0 0 925 825 0 746 0 0 0 511 95 913 623 369 721 670 16 251 468 0 518 711 195 483 740 168 137 467 301 900 898 350 0 0 430 572 413 0 0 0 0 914 706 932 534 415 179 347 985 0 485 410 279 0 261 978 39 0 399 83 809 199 0 0 570 280 859 0 181 229 565 0 371 27 471 25 0 199 677 122 531 62 316 0 703 406 0 98 989 0 466 202 585 0 455 749 150 0 356 524 988 0 44 0 
0 368 566 226 493 706 0 168 0 365 583 0 0 460 895 454 0 261 366 0 414 0 25 158 918 847 663 796 181 742 690 587 0 372 0 804 548 996 0 980 691 0 691 0 0 0 0 0 826 675 0 0 836 870 197 298 565 534 271 0 752 0 409 841 0 19 823 467 611 41 274 830 372 827 366 722 0 900 112 0 230 338 466 724 0 559 604 963 684 457 629 460 48 750 381 499 188 271 671 634 0 722 562 0 348 795 349 116 324 20 0 6 604 350 0 453 316 110 983 0 372 694 759 334 881 223 656 703 18 0 777 238 196 809 829 780 494 446 172 616 364 268 199 856 982 934 0 497 187 0 476 0 475 0 977 754 359 718 0 0 737 
704 868 17 851 674 0 0 155 628 690 968 0 658 588 880 842 261 0 676 94 0 47 232 446 574 113 58 202 0 932 418 130 349 48 673 5 901 539 718 0 426 254 315 578 0 0 42 880 119 596 915 849 0 0 78 93 707 0 0 0 0 928 451 470 0 623 249 706 195 900 681 688 0 0 627 442 0 914 74 264 24 946 0 105 61 0 667 353 806 518 0 0 623 75 0 427 0 963 0 758 619 527 599 451 161 491 71 816 896 959 234 837 0 68 350 0 407 115 354 777 0 96 494 816 281 366 752 720 628 0 972 703 874 151 801 394 809 461 0 0 976 0 726 105 89 453 879 0 835 307 431 664 926 0 469 702 129 434 250 0 181 
0 881 532 861 52 187 609 0 0 188 0 0 0 697 99 491 366 676 0 559 956 525 832 412 922 0 708 555 984 0 439 0 0 993 935 0 0 558 483 663 669 152 106 112 2 461 904 297 329 0 233 0 0 56 432 503 866 248 36 868 643 0 990 673 0 7 0 317 0 309 925 835 0 831 253 958 591 187 399 12 86 460 964 648 993 48 469 197 0 159 0 336 0 0 0 120 749 0 0 951 170 638 0 720 0 0 178 940 319 0 355 813 522 623 269 802 340 0 160 388 550 730 305 0 983 0 118 0 933 723 929 0 290 746 912 888 108 495 290 779 0 228 981 0 0 0 0 0 0 190 928 805 815 631 0 342 482 0 455 799 0 
933 904 62 69 709 860 11 440 503 0 0 905 904 637 0 827 0 94 559 0 0 471 334 917 605 608 466 964 308 711 0 875 0 99 0 925 262 887 596 915 0 649 0 0 533 0 747 769 622 327 635 161 288 846 984 0 95 869 888 0 14 297 497 182 719 930 64 974 0 918 45 964 327 965 700 0 237 691 207 489 931 905 146 650 482 869 0 0 843 0 730 929 742 17 0 317 469 182 496 0 0 674 0 723 277 469 852 907 738 221 264 868 0 707 0 866 369 171 551 665 375 0 118 0 0 328 379 332 0 140 623 904 185 867 713 376 532 138 0 118 394 225 449 0 885 117 0 0 456 0 133 0 677 855 172 0 987 585 75 974 0 
0 135 406 0 0 601 770 0 0 127 295 926 672 698 881 0 414 0 956 0 0 23 429 503 869 709 879 660 364 753 625 344 743 0 719 271 0 599 387 875 813 746 854 939 0 818 831 0 0 0 534 110 867 0 43 56 527 0 894 378 0 0 920 477 0 970 212 0 968 110 420 0 0 0 100 455 924 0 357 944 638 431 156 624 0 0 308 192 322 864 369 17 37 28 259 101 284 709 110 146 655 0 84 730 0 823 543 511 907 668 258 813 879 888 722 145 500 931 548 606 378 353 0 180 149 289 48 243 122 0 0 68 0 547 792 831 428 246 669 766 0 891 0 1 572 0 0 980 13 102 474 2 99 852 0 271 113 463 36 125 990 
391 0 0 522 762 164 240 588 0 134 705 509 0 247 804 220 0 47 525 471 23 0 177 0 380 148 0 0 570 710 470 252 579 0 359 558 449 593 336 619 828 543 0 0 638 0 467 380 0 472 615 0 14 698 274 0 655 564 623 16 0 314 33 0 0 0 395 144 436 165 929 0 269 726 909 0 0 171 0 295 805 578 0 950 737 277 597 0 793 753 0 835 726 0 205 0 190 983 686 57 489 423 383 0 449 560 338 637 198 514 605 435 0 666 66 240 819 0 665 0 0 789 924 85 956 0 742 137 76 198 111 0 809 762 460 0 758 0 152 628 0 355 901 144 637 0 529 389 192 238 525 908 962 574 369 0 627 0 656 796 996 
51 422 0 0 0 634 0 0 758 651 579 416 213 0 447 940 25 232 832 334 429 177 0 986 85 691 23 160 260 204 748 0 372 689 85 0 328 961 376 694 0 0 832 0 839 131 0 126 857 71 243 0 524 531 660 0 789 380 569 322 522 585 760 280 688 757 591 937 238 869 874 935 713 615 843 590 392 773 883 934 511 969 0 1 203 0 148 497 898 384 116 669 769 173 149 354 20 44 0 517 299 140 223 400 410 574 301 510 375 0 783 762 0 182 902 547 0 12 425 869 658 778 986 0 497 446 830 721 546 123 517 159 0 959 664 774 0 0 27 422 0 284 497 224 668 0 478 639 0 974 0 0 403 182 376 0 674 0 815 676 295 
895 0 346 683 0 157 839 0 27 685 386 984 0 713 485 0 158 446 412 917 503 0 986 0 547 14 579 641 468 0 101 931 112 947 425 0 985 71 94 972 0 987 852 425 205 0 317 0 0 0 264 0 119 975 860 0 482 0 0 960 476 379 0 758 0 837 445 985 0 543 726 795 734 837 18 0 550 789 0 107 0 836 107 0 376 0 864 777 82 238 329 22 67 825 0 966 567 0 129 758 301 617 828 655 808 0 0 0 745 0 6 346 765 591 241 209 538 223 995 798 283 753 524 957 704 0 0 333 704 447 961 0 0 917 8 208 9 832 0 848 693 928 588 933 633 350 720 0 0 460 995 104 357 37 729 0 338 431 0 825 303 
16 986 719 491 500 0 731 0 0 939 792 573 486 364 482 145 918 574 922 605 869 380 85 547 0 718 71 123 264 858 706 721 889 626 881 724 0 0 201 696 364 987 660 0 103 0 674 903 0 0 911 960 0 168 912 982 499 356 154 645 0 119 476 553 0 0 96 484 470 451 0 0 835 965 171 374 817 538 483 886 423 365 0 169 432 672 418 151 0 273 0 684 123 0 0 239 0 0 769 0 685 416 956 0 205 894 0 756 276 144 269 135 344 691 571 747 870 918 767 460 815 623 796 600 594 666 709 0 179 435 0 401 339 525 0 612 0 489 0 345 0 0 372 350 201 231 531 296 649 0 974 523 901 0 233 523 0 415 0 375 42 
0 0 585 0 549 0 9 0 530 0 0 579 0 0 233 93 847 113 0 608 709 148 691 14 718 0 231 358 547 0 888 47 0 785 584 448 608 860 946 573 497 480 638 0 0 0 844 923 163 117 0 0 147 544 722 0 959 40 490 0 0 0 479 0 0 0 370 317 376 758 0 779 952 0 831 362 0 666 0 0 0 659 59 295 271 846 862 521 933 0 0 633 0 136 16 0 16 568 0 56 689 0 0 870 0 0 52 229 0 196 719 227 926 214 887 398 228 441 851 0 178 770 575 394 834 461 74 733 0 0 0 211 6 934 972 296 141 200 308 76 0 525 374 872 0 212 0 0 763 877 125 0 200 756 92 756 809 0 0 864 367 
955 145 0 345 0 412 997 956 666 466 22 568 193 794 926 952 663 58 708 466 879 0 23 579 71 231 0 249 840 769 370 121 0 617 37 398 0 332 0 0 0 332 716 35 727 468 0 79 776 786 0 448 113 225 0 756 0 980 652 767 819 494 0 0 404 693 0 506 327 852 0 129 827 818 833 323 0 987 0 35 636 271 542 948 337 590 939 56 701 0 0 683 66 813 798 453 56 32 0 397 37 293 429 423 124 68 303 565 0 38 984 605 951 3 269 330 820 680 374 490 569 874 632 465 820 354 115 260 163 63 794 38 0 111 417 605 0 120 999 0 0 153 365 250 0 554 310 355 386 0 393 179 764 0 834 315 794 961 41 622 0 
684 582 794 0 650 0 806 887 0 331 0 0 0 584 0 0 796 202 555 964 660 0 160 641 123 358 249 0 553 948 879 478 199 552 523 0 221 404 370 146 226 759 178 0 954 686 115 835 0 189 679 849 0 318 714 480 5 69 179 719 226 472 901 751 602 780 837 981 0 99 993 683 0 0 352 0 0 225 222 696 47 0 876 0 295 0 277 804 533 391 373 140 481 0 457 0 624 111 0 366 125 454 0 0 890 834 122 783 0 932 977 923 747 965 995 393 98 746 26 818 35 123 0 100 296 236 40 175 664 0 151 277 84 0 808 457 215 849 99 0 501 789 806 937 855 975 94 0 831 214 883 0 443 592 0 0 409 0 231 829 0 
731 530 40 206 184 817 0 26 0 0 21 0 633 0 151 0 181 0 984 308 364 570 260 468 264 547 840 553 0 0 708 0 0 163 0 0 74 95 0 932 240 824 922 740 128 679 373 554 0 465 238 0 625 0 89 0 335 0 0 595 811 433 0 0 87 128 901 213 0 521 160 927 25 111 33 883 874 307 405 94 275 587 982 609 0 0 0 790 848 992 897 652 573 457 508 46 533 0 0 578 301 560 89 375 241 822 693 572 518 213 710 534 901 159 274 0 805 554 343 346 522 909 19 4 0 0 439 0 831 0 0 177 955 0 668 924 262 834 645 0 0 384 739 13 676 597 402 679 241 754 933 0 964 293 0 0 648 351 9 700 0 
0 0 28 683 274 0 913 0 985 0 0 412 0 0 592 996 742 932 0 711 753 710 204 0 858 0 769 948 0 0 0 0 986 913 713 228 622 0 591 168 797 0 903 941 479 404 0 190 962 742 0 613 134 0 0 382 316 492 851 0 859 935 772 0 58 595 257 0 0 639 966 696 874 369 875 0 0 34 327 470 892 581 867 597 0 249 478 944 749 223 293 837 119 650 0 508 48 440 0 0 0 223 424 234 680 0 76 0 0 325 0 798 565 588 0 105 644 331 0 340 352 959 814 0 297 0 0 973 547 60 142 646 297 427 103 432 762 0 999 548 844 581 187 164 2 171 0 223 158 0 563 0 785 6 89 0 364 701 704 0 512 
313 319 0 390 0 0 0 395 79 925 934 310 647 92 0 4 690 418 439 0 625 470 748 101 706 888 370 879 708 0 0 934 0 0 464 575 649 712 607 440 122 0 334 969 0 917 712 731 486 130 0 4 887 36 0 165 622 122 647 677 19 10 816 461 192 201 0 147 186 760 214 123 144 412 300 0 17 433 0 105 556 816 0 771 289 685 564 320 0 590 558 550 897 0 528 645 899 502 576 281 959 334 965 212 800 873 0 100 922 376 774 267 0 536 965 603 0 594 580 0 481 587 0 905 204 165 20 0 591 301 544 774 248 954 494 253 764 905 975 0 642 631 0 0 0 0 0 0 0 992 0 0 326 0 729 835 821 968 0 618 122 
205 723 0 171 15 139 0 767 393 4 433 111 0 825 181 891 587 130 0 875 344 252 0 931 721 47 121 478 0 0 934 0 375 977 800 0 357 712 0 860 626 914 703 816 0 40 0 416 297 140 271 304 198 0 0 479 388 0 783 493 790 391 0 24 0 622 843 0 0 0 342 629 54 410 0 607 847 0 806 805 248 716 120 771 552 281 75 411 953 179 349 0 935 0 961 805 684 907 131 973 748 0 527 242 92 80 982 404 0 669 751 385 825 797 914 0 674 0 982 100 222 645 0 381 354 812 993 70 0 700 306 66 618 550 0 833 0 475 0 0 569 497 381 0 869 54 789 336 10 310 388 0 158 375 286 542 0 485 316 357 309 
0 233 699 0 662 357 241 674 836 31 330 116 111 732 0 403 0 349 0 0 743 579 372 112 889 0 0 199 0 986 0 375 0 378 271 849 0 218 147 259 306 663 0 174 0 869 765 882 168 503 0 713 745 740 168 673 47 25 661 936 458 997 0 981 961 463 0 0 698 852 0 0 650 556 344 22 0 0 712 590 0 0 0 604 501 0 0 139 537 923 947 70 402 750 335 815 979 448 0 837 600 0 0 625 155 460 754 786 627 0 462 199 596 0 988 711 0 320 939 37 100 299 0 669 734 664 356 0 561 804 0 797 770 921 0 346 75 366 967 533 923 711 0 308 97 676 778 0 0 529 452 602 0 0 185 625 566 653 851 150 0 
0 692 0 319 445 678 739 505 765 637 223 833 533 0 690 772 372 48 993 99 0 0 689 947 626 785 617 552 163 913 0 977 378 0 543 0 89 894 342 439 218 0 522 568 37 903 0 0 442 563 0 238 447 0 832 604 886 634 102 382 823 703 639 0 0 888 698 740 894 61 272 438 49 194 515 178 0 374 787 818 0 451 982 674 176 0 457 861 905 439 0 797 893 0 212 557 903 353 0 0 347 182 67 654 0 0 272 0 0 573 81 0 392 666 786 249 745 0 663 214 0 760 0 450 184 349 0 0 0 0 0 0 0 0 549 461 838 740 861 234 278 763 12 0 0 826 609 74 100 0 206 656 315 366 467 0 0 680 0 365 43 
433 490 58 669 0 84 821 0 245 930 996 401 170 84 0 0 0 673 935 0 719 359 85 425 881 584 37 523 0 713 464 800 271 543 0 0 20 0 958 101 0 267 167 921 578 0 0 348 86 301 640 642 0 817 676 79 989 51 80 901 0 88 192 433 894 946 18 0 319 945 392 949 770 633 393 253 931 0 119 655 180 627 239 816 78 847 205 530 0 182 574 626 190 295 694 243 865 320 0 0 704 892 59 0 0 954 636 316 226 783 199 729 398 0 567 0 780 715 608 299 410 955 29 496 778 649 72 900 0 992 0 390 232 372 857 450 15 95 636 428 69 700 801 0 522 337 743 0 624 355 209 0 0 330 639 973 0 319 102 934 960 
0 767 218 924 257 121 512 0 335 791 413 0 0 0 53 208 804 5 0 925 271 558 0 0 724 448 398 0 0 228 575 0 849 0 0 0 902 694 848 0 252 0 175 0 377 0 144 24 762 944 0 619 942 666 254 946 861 804 946 0 677 0 681 879 0 686 441 129 0 238 117 379 846 0 678 809 333 286 597 717 324 0 0 0 621 593 657 567 84 0 0 25 0 0 804 991 947 536 445 83 228 0 0 280 249 649 942 25 996 0 458 0 0 122 0 639 0 0 410 0 552 0 565 0 0 784 98 63 0 17 165 921 0 0 0 471 0 0 0 0 911 0 0 0 451 466 0 285 121 797 0 53 460 929 0 0 37 976 705 0 130 
0 0 739 781 104 497 0 361 2 0 0 414 985 495 654 338 548 901 0 262 0 449 328 985 0 608 0 221 74 622 649 357 0 89 20 902 0 241 700 959 924 445 20 969 467 654 287 914 717 375 864 0 457 768 135 501 763 0 650 112 548 462 258 188 986 459 0 165 799 655 761 324 177 543 552 670 134 0 732 918 420 443 379 664 590 0 0 804 0 977 344 387 273 576 667 86 104 454 325 0 846 109 749 0 510 794 416 0 329 9 758 0 0 839 103 351 317 0 0 800 0 0 291 992 0 143 940 0 560 876 155 474 960 754 764 0 306 377 810 0 0 287 472 0 552 798 826 315 345 0 229 507 257 810 547 924 266 421 0 780 621 
183 121 0 449 625 0 293 260 656 0 613 167 0 365 137 714 996 539 558 887 599 593 961 71 0 860 332 404 95 0 712 712 218 894 0 694 241 0 375 879 252 80 552 0 0 508 831 0 627 978 667 891 0 16 973 0 471 815 323 553 859 957 898 443 360 0 0 990 147 22 328 0 481 25 169 0 8 768 664 0 306 493 494 764 0 0 109 297 850 389 838 263 365 0 466 0 0 449 954 0 102 0 230 853 414 150 870 935 0 0 169 327 35 0 849 317 0 0 0 0 283 543 559 0 837 70 0 189 505 0 667 465 0 159 864 99 837 0 794 368 882 336 0 305 469 0 310 57 835 0 628 437 0 866 527 241 578 986 190 158 34 
112 511 230 0 0 625 760 202 205 315 448 510 574 587 148 501 0 718 483 596 387 336 376 94 201 946 0 370 0 591 607 0 147 342 958 848 700 375 0 0 208 206 29 615 0 0 0 353 304 0 534 338 0 27 980 732 0 544 0 342 0 560 289 0 273 0 4 801 700 733 0 0 869 341 107 422 536 652 525 666 444 543 388 521 0 471 695 900 372 0 0 360 444 910 0 294 0 0 0 365 842 881 241 708 774 0 366 988 476 0 826 168 748 9 268 307 0 0 896 565 0 0 0 942 396 741 998 727 0 0 0 667 183 721 745 0 0 700 586 252 49 266 0 389 14 956 744 0 60 377 349 862 101 833 364 0 0 978 656 729 59 
0 728 630 371 571 320 180 91 580 373 733 0 787 602 623 755 980 0 663 915 875 619 694 972 696 573 0 146 932 168 440 860 259 439 101 0 959 879 0 0 778 480 134 842 0 0 26 372 836 947 768 620 266 2 442 0 0 153 0 335 0 659 124 0 646 0 764 860 46 0 555 609 461 0 555 566 0 321 443 805 387 873 0 0 830 160 0 0 894 338 944 135 187 0 0 0 28 39 107 315 485 0 220 470 46 0 359 155 0 880 272 803 0 0 785 417 554 0 960 824 0 803 228 520 696 53 0 630 980 448 897 226 765 242 18 0 913 569 0 0 770 561 308 309 123 772 100 362 0 143 0 633 0 0 960 468 695 0 115 976 633 
0 580 469 529 0 0 583 457 599 735 697 216 759 504 831 307 691 426 669 0 813 828 0 0 364 497 0 226 240 797 122 626 306 218 0 252 924 252 208 778 0 860 8 0 0 0 500 436 622 403 944 0 896 955 192 518 426 583 594 695 766 95 238 0 0 0 0 525 472 0 894 211 219 0 282 106 738 0 0 603 994 846 0 42 612 168 516 752 439 428 0 961 0 0 475 794 76 443 590 843 377 922 0 29 728 327 104 0 0 529 781 183 666 0 394 0 0 0 420 671 0 467 0 0 290 193 0 496 0 0 819 0 195 833 55 552 93 477 0 158 182 0 0 673 882 348 0 73 718 0 395 513 979 7 825 717 369 392 570 130 844 
816 601 579 970 75 0 428 0 552 0 136 0 507 0 987 954 0 254 152 649 746 543 0 987 987 480 332 759 824 0 0 914 663 0 267 0 445 80 206 480 860 0 182 793 734 0 342 128 218 154 0 480 636 638 401 0 830 679 150 452 955 497 0 0 859 190 398 760 946 969 116 674 418 909 362 454 964 226 15 675 4 869 688 779 65 0 137 369 409 0 897 999 4 0 0 0 167 985 564 944 0 0 766 420 803 170 242 368 61 475 207 513 0 0 74 673 628 686 973 317 789 384 698 239 459 0 745 763 444 641 369 242 0 32 939 17 555 0 750 971 0 0 558 220 503 0 944 492 339 385 636 0 132 306 716 0 860 0 534 902 0 
192 442 0 925 764 353 0 161 0 217 0 550 221 798 279 581 691 315 106 0 854 0 832 852 660 638 716 178 922 903 334 703 0 522 167 175 20 552 29 134 8 182 0 277 719 451 0 83 364 959 0 447 697 0 97 196 693 313 0 118 916 217 625 0 510 0 104 772 263 0 626 340 358 273 313 913 691 323 476 344 568 604 600 423 231 813 453 395 0 0 992 31 0 923 73 0 0 201 196 271 474 770 0 523 639 545 535 179 229 0 941 511 0 375 85 462 490 766 0 72 606 511 819 802 12 347 744 727 815 0 155 0 680 114 62 61 970 0 300 725 98 0 0 427 763 459 893 812 0 544 113 757 0 510 89 947 195 269 0 645 580 
429 210 496 166 444 265 58 865 132 963 385 958 973 591 70 599 0 578 112 0 939 0 0 425 0 0 35 0 740 941 969 816 174 568 921 0 969 0 615 842 0 793 277 0 0 511 505 563 751 550 765 0 914 796 373 419 643 690 0 526 807 0 0 210 499 188 732 218 768 177 0 791 708 269 0 798 0 421 983 0 224 843 8 0 368 709 397 673 0 0 0 0 8 32 349 331 0 436 770 882 0 787 648 201 555 0 560 0 321 416 278 49 0 743 631 220 206 364 147 540 427 499 377 195 525 0 731 253 0 761 82 486 100 0 0 0 142 909 374 0 32 317 939 498 317 447 0 0 0 0 269 317 569 952 466 0 0 0 245 512 508 
0 533 169 162 152 43 756 637 795 355 627 957 319 214 896 108 0 0 2 533 0 638 839 205 103 0 727 954 128 479 0 0 0 37 578 377 467 0 0 0 0 734 719 0 0 718 0 0 162 0 430 55 267 0 502 179 813 735 470 0 0 0 0 576 92 0 468 0 156 849 0 566 552 776 898 0 888 119 63 736 600 432 830 849 391 564 650 441 880 0 876 357 0 377 773 163 0 724 0 272 0 792 725 831 592 0 903 0 429 473 0 920 0 345 757 400 629 0 0 0 663 0 284 762 454 799 277 333 502 651 539 819 0 319 825 0 506 0 749 480 0 0 643 0 877 610 582 874 0 0 243 712 600 964 496 204 457 529 0 672 181 
0 871 0 305 481 0 0 0 0 878 298 82 802 306 0 245 0 0 461 0 818 0 131 0 0 0 468 686 679 404 917 40 869 903 0 0 654 508 0 0 0 0 451 511 718 0 544 0 254 190 982 729 841 884 299 0 784 392 945 322 114 594 347 222 704 0 543 772 0 265 477 417 0 921 560 649 0 766 0 462 0 998 476 594 682 691 728 904 626 373 680 932 842 0 366 317 330 971 0 0 0 684 308 858 165 0 382 834 524 955 717 0 0 0 547 88 702 482 350 127 0 537 312 318 224 321 779 55 382 626 891 0 0 395 0 692 119 0 409 0 0 0 0 0 0 538 0 25 749 956 138 0 0 991 0 888 12 671 0 396 330 
0 565 47 0 816 839 345 0 641 769 175 595 0 834 251 350 0 42 904 747 831 467 0 317 674 844 0 115 373 0 712 0 765 0 0 144 287 831 0 26 500 342 0 505 0 544 0 0 295 0 973 754 555 0 0 488 882 603 386 0 0 226 111 920 413 803 476 613 880 0 317 500 383 7 658 189 194 524 170 655 0 314 326 0 973 0 173 869 414 88 739 69 0 0 450 119 0 17 276 952 0 472 870 711 504 0 0 471 477 602 417 675 226 0 0 605 0 0 541 323 247 376 542 706 356 0 234 0 463 386 309 884 542 347 138 302 11 792 491 585 403 950 47 788 0 0 2 0 166 885 676 67 533 299 113 0 983 0 627 487 0 
0 537 65 497 654 249 0 0 272 0 540 246 366 798 985 412 0 880 297 769 0 380 126 0 903 923 79 835 554 190 731 416 882 0 348 24 914 0 353 372 436 128 83 563 0 0 0 0 883 122 786 919 0 597 555 370 0 573 0 636 824 663 932 880 0 826 208 0 435 246 53 22 221 314 0 678 432 663 613 57 578 148 1 370 739 476 480 102 0 401 191 274 840 83 0 63 97 223 331 75 490 398 413 34 929 82 670 479 594 108 35 0 905 124 832 761 0 0 405 632 62 264 454 531 0 916 0 615 78 171 0 465 0 444 646 539 459 2 504 242 238 245 608 0 768 0 0 0 418 832 879 562 505 506 311 953 302 228 0 113 574 
0 509 630 102 525 884 907 0 483 886 0 0 0 480 963 0 826 119 329 622 0 0 857 0 0 163 776 0 0 962 486 297 168 442 86 762 717 627 304 836 622 218 364 751 162 254 295 883 0 761 0 0 451 659 0 849 72 501 264 0 693 430 176 527 210 364 634 302 674 0 0 321 0 0 322 0 777 192 769 219 585 948 894 953 856 0 0 574 0 0 362 378 486 918 939 0 637 520 707 167 696 0 0 429 54 0 538 208 634 572 337 422 143 326 0 648 700 444 394 504 77 0 0 0 495 554 0 335 172 680 0 279 269 0 18 695 711 764 712 634 474 280 195 102 453 453 838 0 382 0 59 903 0 657 0 688 154 0 944 0 907 
800 666 971 210 200 901 0 346 340 735 574 0 669 496 572 412 675 596 0 327 0 472 71 0 0 117 786 189 465 742 130 140 503 563 301 944 375 978 0 947 403 154 959 550 0 190 0 122 761 0 271 922 210 0 0 371 990 643 56 801 565 408 267 0 934 0 0 0 638 0 371 0 387 303 0 128 685 817 0 74 300 242 0 737 655 0 338 503 0 0 878 42 672 923 0 974 0 0 914 0 177 796 240 0 238 678 549 768 343 848 0 0 647 889 705 0 721 280 925 141 802 0 0 0 682 441 103 254 253 665 85 73 0 0 0 550 292 457 825 115 178 755 216 0 567 963 345 416 518 313 284 8 0 677 953 766 769 470 136 803 152 
0 598 872 269 228 523 982 707 135 0 519 161 304 146 0 360 0 915 233 635 534 615 243 264 911 0 0 679 238 0 0 271 0 0 640 0 864 667 534 768 944 0 0 765 430 982 973 786 0 271 0 262 356 801 494 982 470 95 680 200 0 232 386 602 996 0 490 242 195 102 691 139 613 325 0 33 0 202 758 0 179 961 0 55 325 160 142 801 0 425 408 475 532 407 9 135 0 565 0 0 376 0 957 578 457 699 49 0 719 0 780 495 0 71 746 508 590 0 123 0 750 99 433 0 172 980 35 992 77 155 741 615 60 0 169 306 76 270 822 627 989 15 436 408 0 106 0 0 253 0 906 966 0 0 0 332 0 0 0 626 306 
115 168 850 536 257 883 148 0 411 0 612 214 824 939 0 0 0 849 0 161 110 0 0 0 960 0 448 849 0 613 4 304 713 238 642 619 0 891 338 620 0 480 447 0 55 729 754 919 0 922 262 0 203 0 0 593 47 744 980 0 237 957 728 31 450 47 689 490 678 339 912 801 0 166 0 765 593 0 110 280 0 945 512 265 548 0 965 378 813 947 51 0 750 296 0 177 696 0 999 315 158 649 418 432 677 745 87 733 0 108 642 714 388 661 0 21 181 0 832 117 187 0 200 570 589 680 741 97 451 305 447 0 789 720 349 0 628 570 457 694 219 0 0 599 630 812 643 0 653 0 575 925 241 989 833 848 190 254 616 623 919 
0 385 842 883 567 499 130 319 0 0 636 743 391 454 322 0 836 0 0 288 867 14 524 119 0 147 113 0 625 134 887 198 745 447 0 942 457 0 0 266 896 636 697 914 267 841 555 0 451 210 356 203 0 869 0 952 0 0 274 402 886 367 597 469 50 915 412 134 667 0 576 985 0 269 647 491 676 850 0 665 310 963 173 145 328 307 925 136 0 21 472 498 152 785 933 0 0 0 0 0 0 0 236 72 0 0 411 824 328 0 569 215 986 629 797 534 199 393 924 866 340 0 848 446 741 201 530 978 618 985 126 210 50 462 619 0 51 0 366 992 344 0 988 242 204 560 565 815 825 0 13 121 0 65 540 147 876 0 890 5 425 
231 325 914 895 952 662 67 95 985 129 40 353 99 0 761 0 870 0 56 846 0 698 531 975 168 544 225 318 0 0 36 0 740 0 817 666 768 16 27 2 955 638 0 796 0 884 0 597 659 0 801 0 869 0 199 312 303 0 0 400 189 910 0 0 93 148 798 449 966 309 489 967 348 483 0 268 649 0 90 373 0 446 354 0 0 292 516 286 173 966 747 934 207 266 940 0 681 783 299 203 386 183 713 200 405 594 0 0 800 628 567 0 299 326 258 0 197 190 272 487 927 0 160 0 0 715 0 867 833 259 9 652 0 43 0 652 0 629 35 0 815 64 267 256 568 534 0 879 318 0 494 467 386 622 684 450 0 293 677 868 0 
830 75 894 665 500 909 0 70 0 480 776 0 0 993 0 681 197 78 432 984 43 274 660 860 912 722 0 714 89 0 0 0 168 832 676 254 135 973 980 442 192 401 97 373 502 299 0 555 0 0 494 0 0 199 0 61 20 457 998 72 0 600 909 297 148 951 594 483 988 0 756 288 0 0 0 851 751 170 350 406 310 969 979 512 0 0 592 0 832 353 0 915 557 864 815 0 0 797 552 494 702 804 752 978 0 0 693 290 405 485 854 0 970 0 484 271 699 928 816 396 376 312 499 0 723 901 255 736 984 332 297 445 491 570 373 372 896 480 0 271 435 417 737 356 973 819 515 0 143 324 496 304 438 0 550 931 797 997 738 767 218 
0 193 0 978 0 427 697 343 44 156 164 72 59 23 246 248 298 93 503 0 56 0 0 0 982 0 756 480 0 382 165 479 673 604 79 946 501 0 732 0 518 0 196 419 179 0 488 370 849 371 982 593 952 312 61 0 0 470 25 624 827 521 653 203 82 212 559 189 0 639 697 517 0 576 747 212 552 0 363 575 191 195 229 608 210 506 431 515 0 698 291 858 179 28 625 88 328 0 630 139 0 170 847 434 619 746 523 173 468 999 0 379 0 27 966 748 870 0 0 695 0 799 0 0 564 488 0 461 0 562 566 614 710 0 7 602 304 822 178 736 39 902 0 0 328 609 0 960 140 918 471 179 0 440 793 285 0 0 445 0 961 
810 504 973 739 988 0 249 821 29 606 403 930 641 0 854 775 565 707 866 95 527 655 789 482 499 959 0 5 335 316 622 388 47 886 989 861 763 471 0 0 426 830 693 643 813 784 882 0 72 990 470 47 0 303 20 0 0 734 0 76 748 0 632 391 859 0 983 0 373 753 395 0 896 0 269 0 0 789 183 0 0 0 466 0 0 0 0 163 0 809 56 0 0 0 0 449 226 0 220 0 231 0 562 467 0 0 0 271 415 693 331 232 142 0 0 0 81 9 748 855 0 957 0 332 0 43 324 632 78 720 77 370 937 455 288 615 10 949 636 212 335 281 580 269 494 0 489 653 955 128 0 460 833 179 0 593 652 26 776 241 288 
0 488 873 520 232 835 47 977 257 660 561 677 173 637 0 0 534 0 248 869 0 564 380 0 356 40 980 69 0 492 122 0 25 634 51 804 0 815 544 153 583 679 313 690 735 392 603 573 501 643 95 744 0 0 457 470 734 0 839 249 754 100 163 233 265 740 0 745 605 0 649 523 161 907 468 46 0 440 143 139 0 684 553 0 158 0 456 727 267 671 656 806 349 189 0 25 0 178 0 0 788 568 137 927 415 926 0 297 503 0 327 0 108 562 864 928 119 193 371 475 62 296 0 874 974 619 408 77 0 71 704 0 345 615 233 0 0 117 467 0 547 322 3 0 158 975 583 794 538 310 791 788 294 0 754 0 54 720 73 214 0 
0 300 452 238 0 865 0 871 0 0 0 640 0 0 475 0 271 0 36 888 894 623 569 0 154 490 652 179 0 851 647 783 661 102 80 946 650 323 0 0 594 150 0 0 470 945 386 0 264 56 680 980 274 0 998 25 0 839 0 874 0 151 360 771 530 0 9 583 907 575 368 839 0 291 267 967 0 161 0 954 0 941 832 0 225 0 0 661 0 0 0 504 594 0 287 939 91 0 837 0 167 0 667 401 921 677 626 572 0 0 625 300 270 740 326 0 627 0 785 666 311 727 486 0 261 497 215 259 597 446 158 219 750 355 680 348 932 834 906 0 364 965 352 671 0 995 994 649 507 604 17 837 31 683 0 70 640 609 818 195 0 
108 635 818 0 71 182 0 0 660 51 759 0 259 57 90 925 0 0 868 0 378 16 322 960 645 0 767 719 595 0 677 493 936 382 901 0 112 553 342 335 695 452 118 526 0 322 0 636 0 801 200 0 402 400 72 624 76 249 874 0 192 556 0 525 0 0 361 0 0 701 820 351 173 0 303 0 726 229 568 431 0 0 303 157 0 605 446 0 362 808 129 722 298 0 739 999 664 794 852 252 552 863 0 955 99 518 528 0 0 924 0 185 16 124 513 927 944 858 509 183 602 302 759 105 484 0 412 572 581 502 280 76 0 0 0 0 441 0 949 760 0 0 469 318 648 79 719 0 268 590 704 962 27 505 233 0 0 390 738 667 144 
36 585 819 0 293 0 303 421 0 0 0 978 0 470 0 825 752 0 643 14 0 0 522 476 0 0 819 226 811 859 19 790 458 823 0 677 548 859 0 0 766 955 916 807 0 114 0 824 693 565 0 237 886 189 0 827 748 754 0 192 0 951 945 119 0 277 0 0 0 486 603 0 611 372 745 0 917 433 0 576 0 0 566 299 711 457 0 862 736 55 0 0 587 59 322 67 313 5 0 390 0 0 753 817 328 538 610 273 423 612 569 0 726 0 504 429 821 212 0 0 0 734 967 96 530 135 0 0 917 631 999 0 0 138 7 846 462 922 71 987 904 210 943 0 0 689 0 0 134 181 364 189 661 210 830 182 262 749 484 0 396 
104 0 648 223 203 623 340 0 681 98 738 887 148 688 0 0 0 928 0 297 0 314 585 379 119 0 494 472 433 935 10 391 997 703 88 0 462 957 560 659 95 497 217 0 0 594 226 663 430 408 232 957 367 910 600 521 0 100 151 556 951 0 968 94 1 282 170 279 783 0 24 225 5 895 977 689 385 494 539 861 401 630 618 904 0 0 26 363 572 972 0 572 0 675 99 841 599 822 825 245 0 257 462 65 85 974 27 0 0 445 897 0 2 852 131 378 294 525 261 0 22 0 47 452 429 0 509 343 646 971 723 0 186 155 0 0 70 362 599 427 0 894 74 778 966 230 236 0 0 173 467 0 0 418 251 973 478 0 284 549 0 
0 586 921 977 0 268 0 353 129 0 0 0 76 266 28 746 409 451 990 497 920 33 760 0 476 479 0 901 0 772 816 0 0 639 192 681 258 898 289 124 238 0 625 0 0 347 111 932 176 267 386 728 597 0 909 653 632 163 360 0 945 968 0 551 748 515 727 672 0 904 857 601 537 397 336 798 733 953 38 197 773 408 350 504 619 157 892 0 368 802 646 919 468 120 479 0 0 454 267 38 0 436 0 20 136 481 0 0 960 674 720 751 394 0 798 104 0 766 201 947 647 875 498 907 0 170 959 0 921 0 978 314 621 0 0 397 393 757 373 0 639 281 882 730 913 411 932 74 213 880 754 258 692 0 473 0 169 0 0 935 186 
270 964 0 966 938 542 0 166 174 0 854 114 796 849 793 0 841 470 673 182 477 0 280 758 553 0 0 751 0 0 461 24 981 0 433 879 188 443 0 0 0 0 0 210 576 222 920 880 527 0 602 31 469 0 297 203 391 233 771 525 119 94 551 0 0 820 803 892 984 478 877 177 362 269 33 0 940 873 244 36 346 945 0 432 964 0 120 781 744 441 238 96 337 0 190 901 0 902 273 751 308 953 0 514 41 435 951 615 507 0 0 0 186 93 0 0 0 0 927 255 773 317 0 679 549 152 0 480 438 180 513 119 0 775 442 0 960 237 774 290 472 0 0 0 18 721 143 160 0 127 279 324 267 0 138 900 54 42 0 465 173 
0 0 912 768 801 0 671 820 0 0 664 232 279 0 601 0 0 0 0 719 0 0 688 0 0 0 404 602 87 58 192 0 961 0 894 0 986 360 273 646 0 859 510 499 92 704 413 0 210 934 996 450 50 93 148 82 859 265 530 0 0 1 748 0 0 840 0 0 934 0 0 376 849 419 922 742 732 798 614 680 173 0 0 192 332 0 328 718 0 440 837 436 641 0 5 0 6 874 892 0 760 782 0 754 660 747 661 777 819 0 948 398 590 0 684 144 786 785 0 406 422 0 55 761 0 791 0 886 291 70 806 759 957 753 482 0 393 262 0 693 909 778 715 0 480 516 179 0 0 813 0 208 0 885 618 335 199 844 218 282 0 
907 0 848 415 162 0 826 676 419 650 984 316 0 0 0 0 19 623 7 930 970 0 757 837 0 0 693 780 128 595 201 622 463 888 946 686 459 0 0 0 0 190 0 188 0 0 803 826 364 0 0 47 915 148 951 212 0 740 0 0 277 282 515 820 840 0 971 368 706 0 403 539 0 0 57 0 935 556 163 631 676 626 553 884 603 359 616 252 800 0 527 0 0 855 934 455 447 0 0 65 447 0 96 0 725 467 545 65 75 0 0 484 471 0 381 421 0 0 62 0 637 820 892 432 772 143 0 116 806 370 672 51 282 668 0 995 0 0 614 339 217 573 369 0 364 247 55 962 436 301 431 705 916 425 0 593 459 589 492 0 781 
269 772 826 649 807 871 410 19 641 658 0 151 0 184 995 511 823 249 0 64 212 395 591 445 96 370 0 837 901 257 0 843 0 698 18 441 0 0 4 764 0 398 104 732 468 543 476 208 634 0 490 689 412 798 594 559 983 0 9 361 0 170 727 803 0 971 0 395 902 0 708 687 316 956 477 692 44 148 119 945 0 101 123 541 351 414 646 952 517 15 970 0 98 0 882 0 0 301 939 0 140 915 645 0 112 43 0 969 0 231 0 0 525 243 554 616 748 0 661 588 0 191 169 975 474 913 836 0 118 398 69 974 303 0 512 113 6 0 585 977 651 951 225 132 0 994 0 12 0 501 929 620 903 22 288 962 65 772 555 929 35 
456 763 247 903 259 0 900 212 0 684 0 30 0 0 0 95 467 706 317 974 0 144 937 985 484 317 506 981 213 0 147 0 0 740 0 129 165 990 801 860 525 760 772 218 0 772 613 0 302 0 242 490 134 449 483 189 0 745 583 0 0 279 672 892 0 368 395 0 737 731 991 360 0 540 98 104 542 799 566 0 340 36 499 299 0 403 947 381 0 203 300 693 469 709 851 141 630 351 944 746 0 762 787 960 0 190 717 876 306 505 581 0 985 754 955 0 457 0 827 341 511 601 161 972 187 6 165 951 836 975 0 0 229 144 729 426 814 781 0 0 638 302 826 975 0 649 380 0 638 0 434 861 914 382 324 163 98 675 722 21 729 
237 397 843 0 698 636 421 644 872 10 837 0 0 308 463 913 611 195 0 0 968 436 238 0 470 376 327 0 0 0 186 0 698 894 319 0 799 147 700 46 472 946 263 768 156 0 880 435 674 638 195 678 667 966 988 0 373 605 907 0 0 783 0 984 934 706 902 737 0 0 208 0 596 653 0 999 613 197 494 340 0 0 64 889 961 218 0 41 0 162 310 125 682 99 996 426 784 498 366 327 0 116 0 826 692 260 0 765 0 475 985 988 634 77 920 545 953 0 0 190 0 88 0 141 695 0 151 0 594 429 690 77 99 338 853 0 0 395 512 364 713 0 991 136 207 660 0 718 165 593 940 0 357 740 201 699 26 358 53 239 762 
120 0 188 461 215 295 601 0 644 973 165 308 176 0 895 623 41 900 309 918 110 165 869 543 451 758 852 99 521 639 760 0 852 61 945 238 655 22 733 0 0 969 0 177 849 265 0 246 0 0 102 339 0 309 0 639 753 0 575 701 486 0 904 478 0 0 0 731 0 0 865 0 176 507 0 77 0 0 442 0 338 413 602 0 0 44 229 497 616 0 690 0 0 703 74 545 599 64 0 349 241 749 764 364 579 0 715 274 930 941 46 0 245 706 76 129 607 164 0 966 941 72 162 186 0 0 0 138 0 490 0 852 959 676 0 359 0 472 0 171 757 275 782 270 886 756 241 0 970 261 781 761 613 547 613 404 736 528 567 382 547 
0 417 120 477 228 891 0 977 420 848 675 546 896 724 230 369 274 681 925 45 420 929 874 726 0 0 0 993 160 966 214 342 0 272 392 117 761 328 0 555 894 116 626 0 0 477 317 53 0 371 691 912 576 489 756 697 395 649 368 820 603 24 857 877 0 403 708 991 208 865 0 650 104 552 244 742 0 240 733 132 971 53 0 0 0 68 0 718 0 837 733 754 0 228 854 0 0 197 223 803 336 556 99 401 733 0 0 0 0 603 213 302 713 382 0 340 912 909 0 681 181 0 0 962 674 726 567 348 686 0 696 566 410 872 0 629 0 484 890 986 0 394 123 0 916 682 782 669 416 483 2 0 0 0 876 0 911 456 821 0 0 
80 954 0 252 0 878 159 675 0 101 455 588 0 0 0 721 830 688 835 964 0 0 935 795 0 779 129 683 927 696 123 629 0 438 949 379 324 0 0 609 211 674 340 791 566 417 500 22 321 0 139 801 985 967 288 517 0 523 839 351 0 225 601 177 376 539 687 360 0 0 650 0 725 459 2 872 144 11 38 321 283 0 0 0 304 544 566 552 0 799 647 284 0 750 146 633 185 0 0 1 508 852 403 75 349 0 0 232 0 496 442 842 140 0 864 245 495 767 160 79 27 415 0 3 322 0 714 871 208 731 0 425 312 557 466 145 0 342 597 745 823 280 607 966 146 865 678 288 236 992 486 930 819 472 420 10 20 414 0 245 759 
625 906 677 921 0 208 0 0 782 863 0 628 518 638 0 670 372 0 0 327 0 269 713 734 835 952 827 0 25 874 144 54 650 49 770 846 177 481 869 461 219 418 358 708 552 0 383 221 0 387 613 0 0 348 0 0 896 161 0 173 611 5 537 362 849 0 316 0 596 176 104 725 0 0 950 659 778 0 303 871 476 886 560 615 21 328 265 652 703 79 0 566 581 48 586 964 309 0 332 856 421 601 445 0 918 317 413 426 17 33 300 0 909 0 0 0 947 704 694 321 907 169 211 607 884 792 21 449 0 59 0 936 110 548 965 0 0 304 100 290 99 946 673 79 0 0 0 593 786 547 0 42 720 629 674 268 0 0 0 970 641 
0 766 0 939 78 896 163 773 263 343 481 0 848 0 0 16 827 0 831 965 0 726 615 837 965 0 818 0 111 369 412 410 556 194 633 0 543 25 341 0 0 909 273 269 776 921 7 314 0 303 325 166 269 483 0 576 0 907 291 0 372 895 397 269 419 0 956 540 653 507 552 459 0 0 906 360 344 822 765 460 0 0 602 252 931 654 169 270 935 827 936 448 583 676 0 0 165 434 788 913 196 0 0 555 656 873 504 853 439 0 928 415 822 0 0 0 56 881 347 0 478 705 986 63 309 531 194 0 776 166 985 335 0 968 0 0 591 599 0 598 184 357 807 0 653 864 278 665 412 353 0 0 350 0 105 938 409 792 455 485 182 
78 811 7 0 617 814 194 974 55 0 0 471 961 578 0 251 366 627 253 700 100 909 843 18 171 831 833 352 33 875 300 0 344 515 393 678 552 169 107 555 282 362 313 0 898 560 658 0 322 0 0 0 647 0 0 747 269 468 267 303 745 977 336 33 922 57 477 98 0 0 244 2 950 906 0 475 0 990 289 132 279 0 968 329 0 0 971 0 915 0 121 732 758 0 970 0 712 0 0 266 158 356 536 694 866 899 0 345 246 950 715 0 986 937 942 591 922 0 23 605 960 433 815 720 368 424 0 338 0 349 527 319 639 303 716 965 955 0 348 709 714 516 0 395 411 34 0 0 97 0 0 700 0 716 65 753 0 0 343 577 518 
310 953 0 595 986 615 691 110 0 449 208 749 981 0 177 468 722 442 958 0 455 0 590 0 374 362 323 0 883 0 0 607 22 178 253 809 670 0 422 566 106 454 913 798 0 649 189 678 0 128 33 765 491 268 851 212 0 46 967 0 0 689 798 0 742 0 692 104 999 77 742 872 659 360 475 0 111 917 51 851 49 959 0 0 339 0 828 117 0 895 0 984 886 439 477 78 526 283 6 189 341 44 444 738 360 648 0 0 588 186 915 0 0 310 0 532 173 752 565 0 462 420 163 76 0 620 497 531 501 347 600 0 833 0 163 0 401 0 796 0 103 63 0 612 0 96 0 755 231 419 257 220 965 0 3 882 224 0 668 0 52 
806 256 243 688 514 585 854 474 216 141 531 151 32 0 400 0 0 0 591 237 924 0 392 550 817 0 0 0 874 0 17 847 0 0 931 333 134 8 536 0 738 964 691 0 888 0 194 432 777 685 0 593 676 649 751 552 0 0 0 726 917 385 733 940 732 935 44 542 613 0 0 144 778 344 0 111 0 750 795 0 676 0 0 144 958 637 14 586 414 0 191 554 458 225 723 945 453 881 971 341 188 340 339 427 845 438 0 962 0 290 0 279 712 547 481 677 0 0 322 701 308 448 0 992 0 104 236 386 0 705 0 656 459 124 290 956 986 252 756 786 303 657 0 221 0 453 0 56 130 0 658 806 154 545 297 577 292 0 122 519 7 
587 0 678 630 176 785 912 33 710 76 29 391 0 497 675 518 900 914 187 691 0 171 773 789 538 666 987 225 307 34 433 0 0 374 0 286 0 768 652 321 0 226 323 421 119 766 524 663 192 817 202 0 850 0 170 0 789 440 161 229 433 494 953 873 798 556 148 799 197 0 240 11 0 822 990 917 750 0 459 290 608 578 387 231 299 848 0 340 228 748 517 0 554 819 0 423 476 170 301 32 943 0 952 645 507 0 342 0 607 463 0 62 0 99 19 550 0 371 178 491 654 179 531 0 0 581 96 0 0 561 332 959 632 0 297 12 818 951 791 752 818 102 7 906 0 196 0 668 694 217 188 388 0 795 317 238 196 85 384 0 924 
0 0 113 0 28 222 633 0 757 906 313 0 220 68 614 711 112 74 399 207 357 0 883 0 483 0 0 222 405 327 0 806 712 787 119 597 732 664 525 443 0 15 476 983 63 0 170 613 769 0 758 110 0 90 350 363 183 143 0 568 0 539 38 244 614 163 119 566 494 442 733 38 303 765 289 51 795 459 0 129 794 16 161 0 0 374 0 0 590 0 0 563 256 0 365 0 268 28 194 65 757 580 0 913 806 504 326 818 650 281 249 767 86 475 0 0 865 0 112 179 0 504 559 444 692 570 0 168 346 0 468 441 0 6 945 122 232 271 0 469 431 782 199 893 395 279 675 830 969 716 989 0 0 729 187 884 930 0 674 261 903 
110 942 741 173 939 926 772 162 207 0 956 468 0 0 0 195 0 264 12 489 944 295 934 107 886 0 35 696 94 470 105 805 590 818 655 717 918 0 666 805 603 675 344 0 736 462 655 57 219 74 0 280 665 373 406 575 0 139 954 431 576 861 197 36 680 631 945 0 340 0 132 321 871 460 132 851 0 290 129 0 307 6 736 472 431 0 728 0 617 553 705 471 811 8 81 0 455 0 939 122 0 663 131 839 791 102 0 0 590 600 810 141 541 27 656 966 0 859 769 339 930 705 0 447 144 0 926 0 0 0 126 511 0 0 0 0 584 965 968 150 0 507 885 0 8 864 218 344 91 999 443 0 340 0 0 635 365 888 985 0 144 
988 343 639 818 636 0 800 654 321 919 855 69 639 0 793 483 230 24 86 931 638 805 511 0 423 0 636 47 275 892 556 248 0 0 180 324 420 306 444 387 994 4 568 224 600 0 0 578 585 300 179 0 310 0 310 191 0 0 0 0 0 401 773 346 173 676 0 340 0 338 971 283 476 0 279 49 676 608 794 307 0 0 831 624 577 0 947 726 685 511 71 699 0 793 715 196 0 24 0 450 877 836 718 817 824 295 911 0 688 46 0 0 208 0 64 0 596 980 227 813 488 251 0 341 468 60 129 795 417 555 56 0 842 645 44 352 590 246 0 18 237 640 455 21 228 62 0 488 32 0 0 47 0 354 36 649 242 245 327 488 845 
436 37 427 993 0 488 358 112 0 0 696 204 111 0 43 740 338 946 460 905 431 578 969 836 365 659 271 0 587 581 816 716 0 451 627 0 443 493 543 873 846 869 604 843 432 998 314 148 948 242 961 945 963 446 969 195 0 684 941 0 0 630 408 945 0 626 101 36 0 413 53 0 886 0 0 959 0 578 16 6 0 0 966 87 12 336 111 278 656 0 0 906 972 0 979 25 303 211 805 121 729 161 729 917 192 265 37 0 134 437 267 197 469 53 648 304 892 862 0 588 877 0 0 544 349 813 186 713 361 537 475 30 588 845 0 946 54 27 699 0 97 140 0 0 888 128 0 180 813 804 0 0 141 116 0 0 872 0 310 0 733 
771 0 317 0 0 524 191 412 477 248 0 837 700 616 0 168 466 0 964 146 156 0 0 107 0 59 542 876 982 867 0 120 0 982 239 0 379 494 388 0 0 688 600 8 830 476 326 1 894 0 0 512 173 354 979 229 466 553 832 303 566 618 350 0 0 553 123 499 64 602 0 0 560 602 968 0 0 387 161 736 831 966 0 995 736 860 713 128 540 508 241 597 554 470 617 827 53 722 136 921 992 0 855 583 584 435 677 974 829 573 171 0 39 6 172 241 245 0 228 681 265 906 884 0 793 0 909 848 739 779 548 0 853 459 677 804 0 0 623 734 0 302 0 3 343 0 786 471 26 880 281 582 520 510 765 477 0 873 408 839 0 
0 215 135 910 372 1 168 832 0 792 0 0 968 919 503 137 724 105 648 650 624 950 1 0 169 295 948 0 609 597 771 771 604 674 816 0 664 764 521 0 42 779 423 0 849 594 0 370 953 737 55 265 145 0 512 608 0 0 0 157 299 904 504 432 192 884 541 299 889 0 0 0 615 252 329 0 144 231 0 472 624 87 995 0 659 598 572 0 0 935 0 694 578 463 0 0 929 0 0 856 276 980 961 134 0 0 0 191 360 485 737 0 117 0 0 0 417 268 865 856 0 683 612 582 422 0 606 154 958 0 0 765 600 846 694 0 415 760 817 0 0 0 86 765 489 0 44 729 231 717 945 173 0 451 0 629 412 44 206 0 393 
782 0 313 250 450 638 0 589 767 804 177 160 801 421 497 467 0 61 993 482 0 737 203 376 432 271 337 295 0 0 289 552 501 176 78 621 590 0 0 830 612 65 231 368 391 682 973 739 856 655 325 548 328 0 0 210 0 158 225 0 711 0 619 964 332 603 351 0 961 0 0 304 21 931 0 339 958 299 0 431 577 12 736 659 0 0 713 664 626 25 530 488 314 845 78 869 61 0 403 0 235 669 0 959 0 998 0 822 0 735 9 233 36 172 422 0 33 0 540 0 631 356 0 898 34 0 691 0 0 142 0 433 348 518 638 0 903 0 0 562 0 916 616 156 0 294 707 163 584 885 844 844 63 64 923 0 456 200 0 552 938 
0 432 521 954 54 418 0 635 213 41 710 0 216 497 0 301 559 0 48 869 0 277 0 0 672 846 590 0 0 249 685 281 0 0 847 593 0 0 471 160 168 0 813 709 564 691 0 476 0 0 160 0 307 292 0 506 0 0 0 605 457 0 157 0 0 359 414 403 218 44 68 544 328 654 0 0 637 848 374 0 0 336 860 598 0 0 584 433 0 171 0 391 55 0 122 0 547 779 0 389 137 0 866 433 529 519 0 0 0 0 0 537 776 737 380 0 0 888 0 974 0 128 506 599 234 722 945 12 559 0 301 0 972 531 578 155 556 0 0 934 751 981 0 983 0 447 514 79 521 669 0 872 943 108 406 867 0 0 80 441 0 
561 611 372 0 0 965 965 0 0 717 0 419 0 604 309 900 604 667 469 0 308 597 148 864 418 862 939 277 0 478 564 75 0 457 205 657 0 109 695 0 516 137 453 397 650 728 173 480 0 338 142 965 925 516 592 431 0 456 0 446 0 26 892 120 328 616 646 947 0 229 0 566 265 169 971 828 14 0 0 728 947 111 713 572 713 584 0 174 167 745 0 589 0 130 653 0 0 942 957 85 56 549 689 0 780 492 688 19 504 8 742 0 587 182 380 0 375 0 27 618 985 820 360 815 335 376 949 972 151 980 699 947 197 0 764 923 0 0 322 776 779 919 777 583 400 844 767 840 209 832 0 725 984 719 651 654 394 527 255 708 0 
935 0 0 0 228 769 0 683 334 624 600 0 613 986 0 898 963 353 197 0 192 0 497 777 151 521 56 804 790 944 320 411 139 861 530 567 804 297 900 0 752 369 395 673 441 904 869 102 574 503 801 378 136 286 0 515 163 727 661 0 862 363 0 781 718 252 952 381 41 497 718 552 652 270 0 117 586 340 0 0 726 278 128 0 664 433 174 0 338 0 0 655 56 41 73 117 0 779 391 21 78 228 942 572 261 0 59 300 20 795 410 195 0 9 904 751 435 757 0 902 0 529 492 0 0 125 175 0 854 875 612 0 538 0 254 796 756 0 456 514 913 960 0 533 0 343 0 533 630 0 429 596 632 396 717 0 802 0 733 141 672 
905 854 71 625 79 775 810 0 669 0 141 38 959 525 934 350 684 806 0 843 322 793 898 82 0 933 701 533 848 749 0 953 537 905 0 84 0 850 372 894 439 409 0 0 880 626 414 0 0 0 0 813 0 173 832 0 0 267 0 362 736 572 368 744 0 800 517 0 0 616 0 0 703 935 915 0 414 228 590 617 685 656 540 0 626 0 167 338 0 280 673 130 829 0 139 0 129 987 323 0 544 0 0 0 0 732 0 0 744 246 0 335 909 77 408 891 441 0 509 187 0 652 184 0 71 648 372 975 0 737 48 92 0 957 1 394 863 147 531 771 107 685 23 363 766 1 703 190 887 61 0 121 950 898 754 144 853 737 395 854 0 
837 675 406 521 0 273 871 0 567 0 528 889 794 976 0 0 457 518 159 0 864 753 384 238 273 0 0 391 992 223 590 179 923 439 182 0 977 389 0 338 428 0 0 0 0 373 88 401 0 0 425 947 21 966 353 698 809 671 0 808 55 972 802 441 440 0 15 203 162 0 837 799 79 827 0 895 0 748 0 553 511 0 508 935 25 171 745 0 280 0 319 513 74 861 763 706 927 465 0 0 0 834 0 271 90 522 919 727 258 491 64 0 0 461 359 0 0 257 991 403 835 0 326 0 227 909 340 0 285 0 67 583 583 858 392 432 575 23 0 979 0 0 0 595 709 807 601 429 323 901 323 0 817 759 0 389 0 15 778 283 0 
895 256 435 928 0 751 645 629 686 852 363 873 289 626 272 0 629 0 0 730 369 0 116 329 0 0 0 373 897 293 558 349 947 0 574 0 344 838 0 944 0 897 992 0 876 680 739 191 362 878 408 51 472 747 0 291 56 656 0 129 0 0 646 238 837 527 970 300 310 690 733 647 0 936 121 0 191 517 0 705 71 0 241 0 530 0 0 0 673 319 0 666 57 987 0 0 46 525 419 463 642 496 532 958 826 258 0 148 159 67 75 139 50 2 0 207 784 784 760 271 163 707 126 111 0 562 0 631 84 0 623 906 767 631 12 138 0 65 352 875 646 576 0 277 303 894 0 121 601 236 720 655 905 600 0 997 269 323 733 0 916 
227 143 857 918 0 762 0 0 121 137 298 0 0 173 297 430 460 0 336 929 17 835 669 22 684 633 683 140 652 837 550 0 70 797 626 25 387 263 360 135 961 999 31 0 357 932 69 274 378 42 475 0 498 934 915 858 0 806 504 722 0 572 919 96 436 0 0 693 125 0 754 284 566 448 732 984 554 0 563 471 699 906 597 694 488 391 589 655 130 513 666 0 355 0 117 757 950 0 0 630 0 696 725 699 445 359 190 0 970 943 0 0 0 63 0 0 875 0 239 653 727 130 196 0 789 82 552 35 426 16 0 0 0 391 703 317 736 0 0 862 514 0 146 919 243 0 893 0 26 508 0 0 967 691 545 858 302 476 60 423 720 
383 891 118 95 237 455 317 427 0 454 358 0 0 738 0 572 48 623 0 742 37 726 769 67 123 0 66 481 573 119 897 935 402 893 190 0 273 365 444 187 0 4 0 8 0 842 0 840 486 672 532 750 152 207 557 179 0 349 594 298 587 0 468 337 641 0 98 469 682 0 0 0 581 583 758 886 458 554 256 811 0 972 554 578 314 55 0 56 829 74 57 355 0 415 951 619 353 111 75 123 0 708 580 650 139 0 918 19 846 770 17 0 0 0 216 0 0 739 186 836 500 736 43 515 183 0 407 317 626 304 318 0 0 0 0 674 862 524 157 477 332 284 655 757 376 0 87 0 0 197 732 0 0 738 0 488 812 608 412 0 778 
736 52 0 601 886 611 861 372 0 465 2 55 0 0 447 413 750 75 0 17 28 0 173 825 0 136 813 0 457 650 0 0 750 0 295 0 576 0 910 0 0 0 923 32 377 0 0 83 918 923 407 296 785 266 864 28 0 189 0 0 59 675 120 0 0 855 0 709 99 703 228 750 48 676 0 439 225 819 0 8 793 0 470 463 845 0 130 41 0 861 987 0 415 0 835 48 0 0 393 885 351 720 0 272 466 486 552 488 494 96 838 0 893 883 0 41 195 694 0 76 0 257 986 386 897 596 543 76 0 865 408 787 681 7 866 0 689 0 449 0 0 0 559 851 344 465 847 722 827 675 0 0 457 644 232 916 114 0 322 0 515 
93 950 0 980 490 0 57 348 552 0 571 865 740 0 692 0 381 0 0 0 259 205 149 0 0 16 798 457 508 0 528 961 335 212 694 804 667 466 0 0 475 0 73 349 773 366 450 0 939 0 9 0 933 940 815 625 0 0 287 739 322 99 479 190 5 934 882 851 996 74 854 146 586 0 970 477 723 0 365 81 715 979 617 0 78 122 653 73 139 763 0 117 951 835 0 900 259 0 71 373 0 503 0 98 848 45 601 747 0 562 158 310 839 0 190 960 118 395 744 0 308 203 690 81 0 16 823 632 331 0 833 0 982 0 133 0 882 667 216 0 0 506 498 97 0 210 0 723 925 450 897 0 0 0 0 280 631 562 305 681 865 
95 318 96 0 0 203 678 694 384 0 353 868 639 563 541 0 499 427 120 317 101 0 354 966 239 0 453 0 46 508 645 805 815 557 243 991 86 0 294 0 794 0 0 331 163 317 119 63 0 974 135 177 0 0 0 88 449 25 939 999 67 841 0 901 0 455 0 141 426 545 0 633 964 0 0 78 945 423 0 0 196 25 827 0 869 0 0 117 0 706 0 757 619 48 900 0 469 934 827 0 707 852 476 0 839 781 81 0 520 827 981 0 973 52 268 780 378 529 728 0 980 0 0 941 0 0 0 566 671 0 0 903 403 791 535 867 860 585 433 215 0 623 537 0 0 125 374 30 156 0 202 713 238 686 380 0 741 573 762 98 764 
780 424 645 493 14 347 0 357 0 599 861 0 0 585 265 0 188 0 749 469 284 190 20 567 0 16 56 624 533 48 899 684 979 903 865 947 104 0 0 28 76 167 0 0 0 330 0 97 637 0 0 696 0 681 0 328 226 0 91 664 313 599 0 0 6 447 0 630 784 599 0 185 309 165 712 526 453 476 268 455 0 303 53 929 61 547 0 0 129 927 46 950 353 0 259 469 0 736 391 68 699 0 392 0 863 614 457 689 489 182 763 167 259 642 0 120 0 976 415 501 521 998 209 0 159 166 708 221 393 860 635 0 768 561 429 0 602 488 257 495 776 166 567 779 685 311 0 959 466 994 919 165 0 598 434 6 116 206 450 92 769 
614 0 0 701 923 996 0 143 545 618 0 0 587 0 840 0 271 963 0 182 709 983 44 0 0 568 32 111 0 440 502 907 448 353 320 536 454 449 0 39 443 985 201 436 724 971 17 223 520 0 565 0 0 783 797 0 0 178 0 794 5 822 454 902 874 0 301 351 498 64 197 0 0 434 0 283 881 170 28 0 24 211 722 0 0 779 942 779 987 465 525 0 111 0 0 934 736 0 621 256 355 751 55 122 642 514 0 539 0 735 0 0 117 0 0 64 0 0 0 0 212 661 5 255 0 0 0 0 0 0 712 463 782 862 238 904 999 799 604 843 0 444 475 740 157 841 322 866 0 805 350 0 674 308 132 750 512 0 0 0 230 
0 573 355 629 0 0 0 622 163 857 408 526 437 731 423 914 671 0 0 496 110 686 0 129 769 0 0 0 0 0 576 131 0 0 0 445 325 954 0 107 590 564 196 770 0 0 276 331 707 914 0 999 0 299 552 630 220 0 837 852 0 825 267 273 892 0 939 944 366 0 223 0 332 788 0 6 971 301 194 939 0 805 136 0 403 0 957 391 323 0 419 0 75 393 71 827 391 621 0 51 0 671 652 983 70 235 0 959 733 0 441 535 10 220 719 0 0 836 0 450 822 244 471 365 287 0 534 123 0 0 315 312 0 786 0 307 0 780 5 669 455 145 412 965 788 577 0 631 0 124 752 0 0 445 113 170 0 778 51 881 340 
0 0 117 508 372 938 124 563 536 484 0 150 786 665 723 706 634 758 951 0 146 57 517 758 0 56 397 366 578 0 281 973 837 0 0 83 0 0 365 315 843 944 271 882 272 0 952 75 167 0 0 315 0 203 494 139 0 0 0 252 390 245 38 751 0 65 0 746 327 349 803 1 856 913 266 189 341 32 65 122 450 121 921 856 0 389 85 21 0 0 463 630 123 885 373 0 68 256 51 0 732 849 98 598 21 811 609 819 109 437 631 882 762 491 0 688 467 772 382 597 0 452 989 403 545 540 335 849 307 0 0 623 261 157 654 0 45 266 55 786 945 281 942 686 5 139 660 502 197 0 231 433 253 996 706 246 40 888 522 0 305 
0 0 868 0 0 154 536 929 712 938 0 0 386 417 864 932 0 619 170 0 655 489 299 301 685 689 37 125 301 0 959 748 600 347 704 228 846 102 842 485 377 0 474 0 0 0 0 490 696 177 376 158 0 386 702 0 231 788 167 552 0 0 0 308 760 447 140 0 0 241 336 508 421 196 158 341 188 943 757 0 877 729 992 276 235 137 56 78 544 0 642 0 0 351 0 707 699 355 0 732 0 923 0 55 857 762 0 318 121 44 271 0 401 242 588 790 230 941 554 983 318 120 270 933 545 837 818 831 218 697 518 0 571 452 0 729 842 332 15 689 883 0 374 199 163 260 642 836 0 188 89 171 0 0 28 940 0 0 585 848 162 
0 220 187 178 0 666 517 849 0 368 195 0 0 860 573 534 722 527 638 674 0 423 140 617 416 0 293 454 560 223 334 0 0 182 892 0 109 0 881 0 922 0 770 787 792 684 472 398 0 796 0 649 0 183 804 170 0 568 0 863 0 257 436 953 782 0 915 762 116 749 556 852 601 0 356 44 340 0 580 663 836 161 0 980 669 0 549 228 0 834 496 696 708 720 503 852 0 751 671 849 923 0 540 271 0 682 711 0 937 917 0 657 712 718 671 0 439 341 313 753 117 456 686 676 824 623 68 0 528 0 73 586 444 0 119 483 308 37 426 276 0 917 967 95 0 0 179 728 0 0 681 0 610 0 251 981 313 804 472 974 0 
184 908 0 403 832 961 23 440 0 490 0 0 534 526 328 415 562 599 0 0 84 383 223 828 956 0 429 0 89 424 965 527 0 67 59 0 749 230 241 220 0 766 0 648 725 308 870 413 0 240 957 418 236 713 752 847 562 137 667 0 753 462 0 0 0 96 645 787 0 764 99 403 445 0 536 444 339 952 0 131 718 729 855 961 0 866 689 942 0 0 532 725 580 0 0 476 392 55 652 98 0 540 0 84 97 442 308 169 0 457 294 948 0 786 0 99 205 825 826 996 555 103 243 544 561 109 826 676 355 0 869 0 0 0 534 0 823 349 0 629 0 371 152 517 413 500 0 938 213 775 77 0 0 184 610 676 342 928 281 0 287 
822 665 618 727 274 315 950 554 792 0 0 913 0 487 569 179 0 451 720 723 730 0 400 655 0 870 423 0 375 234 212 242 625 654 0 280 0 853 708 470 29 420 523 201 831 858 711 34 429 0 578 432 72 200 978 434 467 927 401 955 817 65 20 514 754 0 0 960 826 364 401 75 0 555 694 738 427 645 913 839 817 917 583 134 959 433 0 572 0 271 958 699 650 272 98 0 0 122 983 598 55 271 84 0 0 507 0 516 0 796 173 315 991 0 575 969 534 492 982 0 0 988 0 510 0 216 0 426 648 296 399 0 658 582 0 897 0 15 555 0 473 835 648 400 370 946 793 651 418 625 307 0 932 828 733 135 596 130 982 300 0 
0 482 0 0 0 841 171 932 472 787 435 393 74 963 616 347 348 161 0 277 0 449 410 808 205 0 124 890 241 680 800 92 155 0 0 249 510 414 774 46 728 803 639 555 592 165 504 929 54 238 457 677 0 405 0 619 0 415 921 99 328 85 136 41 660 725 112 0 692 579 733 349 918 656 866 360 845 507 806 791 824 192 584 0 0 529 780 261 0 90 826 445 139 466 848 839 863 642 70 21 857 0 97 0 0 0 483 0 248 855 4 164 0 624 333 0 744 732 343 174 986 782 0 737 515 492 407 352 254 335 0 0 449 199 0 370 93 959 0 446 912 468 336 469 538 862 0 0 0 0 33 984 0 0 403 879 129 0 0 0 703 
287 589 604 791 649 61 0 0 214 282 0 203 0 0 996 985 795 491 0 469 823 560 574 0 894 0 68 834 822 0 873 80 460 0 954 649 794 150 0 0 327 170 545 0 0 0 0 82 0 678 699 745 0 594 0 746 0 926 677 518 538 974 481 435 747 467 43 190 260 0 0 0 317 873 899 648 438 0 504 102 295 265 435 0 998 519 492 0 732 522 258 359 0 486 45 781 614 514 235 811 762 682 442 507 0 0 459 462 0 0 362 711 245 943 909 0 686 0 0 160 380 43 116 386 469 9 0 498 926 260 825 274 30 210 0 0 0 552 37 0 141 26 953 0 44 448 89 647 758 921 0 558 515 204 816 338 417 276 346 52 513 
570 0 739 748 5 0 819 335 683 397 833 528 169 0 595 0 349 71 178 852 543 338 301 0 0 52 303 122 693 76 0 982 754 272 636 942 416 870 366 359 104 242 535 560 903 382 0 670 538 549 49 87 411 0 693 523 0 0 626 528 610 27 0 951 661 545 0 717 0 715 0 0 413 504 0 0 0 342 326 0 911 37 677 0 0 0 688 59 0 919 0 190 918 552 601 81 457 0 0 609 0 711 308 0 483 459 0 537 0 169 859 325 914 0 714 0 508 0 594 165 147 385 208 490 0 79 16 387 195 336 137 137 0 639 432 41 531 384 79 572 894 449 0 310 861 850 955 407 962 0 206 0 52 476 427 275 314 763 810 403 178 
406 223 453 619 249 524 0 273 0 886 630 473 0 904 0 485 116 816 940 907 511 637 510 0 756 229 565 783 572 0 100 404 786 0 316 25 0 935 988 155 0 368 179 0 0 834 471 479 208 768 0 733 824 0 290 173 271 297 572 0 273 0 0 615 777 65 969 876 765 274 0 232 426 853 345 0 962 0 818 0 0 0 974 191 822 0 19 300 0 727 148 0 19 488 747 0 689 539 959 819 318 0 169 516 0 462 537 0 473 493 379 0 0 2 335 119 883 431 633 172 455 529 258 745 446 579 684 811 0 903 181 248 781 906 21 939 782 40 0 89 71 208 658 282 471 606 904 733 622 682 432 331 158 660 25 100 424 252 106 0 0 
0 56 533 0 91 321 317 777 0 346 768 865 872 322 939 410 324 896 319 738 907 198 375 745 276 0 0 0 518 0 922 0 627 0 226 996 329 0 476 0 0 61 229 321 429 524 477 594 634 343 719 0 328 800 405 468 415 503 0 0 423 0 960 507 819 75 0 306 0 930 0 0 17 439 246 588 0 607 650 590 688 134 829 360 0 0 504 20 744 258 159 970 846 494 0 520 489 0 733 109 121 937 0 0 248 0 0 473 0 986 948 14 658 270 0 331 0 535 124 727 342 951 334 436 302 286 220 0 954 573 0 616 844 680 482 614 0 409 438 676 751 0 311 0 698 325 301 256 0 274 116 0 418 0 832 338 451 721 355 975 149 
0 825 365 780 961 583 939 145 181 830 904 254 0 18 40 279 20 959 0 221 668 514 0 0 144 196 38 932 213 325 376 669 0 573 783 0 9 0 0 880 529 475 0 416 473 955 602 108 572 848 0 108 0 628 485 999 693 0 0 924 612 445 674 0 0 0 231 505 475 941 603 496 33 0 950 186 290 463 281 600 46 437 573 485 735 0 8 795 246 491 67 943 770 96 562 827 182 735 0 437 44 917 457 796 855 0 169 493 986 0 459 0 762 686 884 0 911 124 971 957 0 243 349 903 225 0 0 604 857 37 406 788 0 917 588 977 767 356 786 148 809 107 246 733 0 586 290 7 251 946 317 406 127 581 481 478 196 0 316 103 163 
863 771 757 0 0 740 0 470 465 817 351 488 185 503 0 0 0 234 355 264 258 605 783 6 269 719 984 977 710 0 774 751 462 81 199 458 758 169 826 272 781 207 941 278 0 717 417 35 337 0 780 642 569 567 854 0 331 327 625 0 569 897 720 0 948 0 0 581 985 46 213 442 300 928 715 915 0 0 249 810 0 267 171 737 9 0 742 410 0 64 75 0 17 838 158 981 763 0 441 631 271 0 294 173 4 362 859 379 948 459 0 70 160 0 10 0 839 577 1 894 146 602 285 677 445 43 347 0 719 763 612 648 0 576 700 165 101 483 835 0 379 0 906 0 962 0 662 166 867 80 372 0 152 192 54 575 180 371 501 0 483 
447 0 111 900 56 866 412 328 534 240 955 663 590 33 444 261 6 837 813 868 813 435 762 346 135 227 605 923 534 798 267 385 199 0 729 0 0 327 168 803 183 513 511 49 920 0 675 0 422 0 495 714 215 0 0 379 232 0 300 185 0 0 751 0 398 484 0 0 988 0 302 842 0 415 0 0 279 62 767 141 0 197 0 0 233 537 0 195 335 0 139 0 0 0 310 0 167 0 535 882 0 657 948 315 164 711 325 0 14 0 70 0 0 0 557 834 213 452 129 0 0 613 0 13 108 838 746 746 331 0 407 888 320 730 653 438 715 336 654 846 0 411 0 0 483 0 256 994 0 0 532 0 105 0 779 633 68 0 634 469 822 
551 182 140 0 949 622 60 729 850 46 0 0 901 649 736 978 604 0 522 0 879 0 0 765 344 926 951 747 901 565 0 825 596 392 398 0 0 35 748 0 666 0 0 0 0 0 226 905 143 647 0 388 986 299 970 0 142 108 270 16 726 2 394 186 590 471 525 985 634 245 713 140 909 822 986 0 712 0 86 541 208 469 39 117 36 776 587 0 909 0 50 0 0 893 839 973 259 117 10 762 401 712 0 991 0 245 914 0 658 762 160 0 0 458 410 406 283 593 0 452 0 0 733 0 597 436 813 0 729 0 0 529 330 166 588 758 0 616 86 0 0 649 0 565 181 0 109 234 88 272 689 848 0 0 669 679 934 0 0 0 0 
320 850 0 300 602 347 0 0 317 237 765 805 945 191 0 39 350 68 623 707 888 666 182 591 691 214 3 965 159 588 536 797 0 666 0 122 839 0 9 0 0 0 375 743 345 0 0 124 326 889 71 661 629 326 0 27 0 562 740 124 0 852 0 93 0 0 243 754 77 706 382 0 0 0 937 310 547 99 475 27 0 53 6 0 172 737 182 9 77 461 2 63 0 883 0 52 642 0 220 491 242 718 786 0 624 943 0 2 270 686 0 0 458 0 746 0 295 609 730 140 22 174 82 831 0 463 78 132 587 8 980 699 0 849 306 970 348 529 988 725 0 43 990 0 366 0 230 182 917 180 0 461 710 643 390 826 0 872 104 0 865 
740 912 438 190 637 189 980 513 0 714 318 0 492 736 607 0 0 350 269 0 722 66 902 241 571 887 269 995 274 0 965 914 988 786 567 0 103 849 268 785 394 74 85 631 757 547 0 832 0 705 746 0 797 258 484 966 0 864 326 513 504 131 798 0 684 381 554 955 920 76 0 864 0 0 942 0 481 19 0 656 64 648 172 0 422 380 380 904 408 359 0 0 216 0 190 268 0 0 719 0 588 671 0 575 333 909 714 335 0 884 10 557 410 746 0 631 219 102 310 0 735 317 0 704 291 0 246 405 292 320 233 160 396 565 547 659 642 229 189 0 0 581 212 266 565 840 67 840 478 959 189 0 179 60 0 271 0 815 658 147 743 
666 134 815 226 208 865 588 677 0 542 292 0 0 319 406 399 453 0 802 866 145 240 547 209 747 398 330 393 0 105 603 0 711 249 0 639 351 317 307 417 0 673 462 220 400 88 605 761 648 0 508 21 534 0 271 748 0 928 0 927 429 378 104 0 144 421 616 0 545 129 340 245 0 0 591 532 677 550 0 966 0 304 241 0 0 0 0 751 891 0 207 0 0 41 960 780 120 64 0 688 790 0 99 969 0 0 0 119 331 0 0 834 406 0 631 0 580 177 354 0 912 752 517 859 789 0 123 614 301 723 0 426 499 0 3 82 694 0 985 495 13 347 316 226 828 650 51 628 395 436 0 0 0 0 669 821 356 916 71 293 576 
852 0 876 120 702 0 458 947 509 635 0 250 973 592 932 83 316 407 340 369 500 819 0 538 870 228 820 98 805 644 0 674 0 745 780 0 317 0 0 554 0 628 490 206 629 702 0 0 700 721 590 181 199 197 699 870 81 119 627 944 821 294 0 0 786 0 748 457 953 607 912 495 947 56 922 173 0 0 865 0 596 892 245 417 33 0 375 435 441 0 784 875 0 195 118 378 0 0 0 467 230 439 205 534 744 686 508 883 0 911 839 213 283 295 219 580 0 612 665 0 643 160 929 181 679 0 437 416 569 0 0 0 0 0 835 857 47 284 769 61 727 390 828 132 365 0 128 0 508 0 864 208 0 223 152 935 617 256 274 67 0 
190 0 722 861 577 0 556 93 0 16 849 0 0 0 0 809 110 115 0 171 931 0 12 223 918 441 680 746 554 331 594 0 320 0 715 0 0 0 0 0 0 686 766 364 0 482 0 0 444 280 0 0 393 190 928 0 9 193 0 858 212 525 766 0 785 0 0 0 0 164 909 767 704 881 0 752 0 371 0 859 980 862 0 268 0 888 0 757 0 257 784 0 739 694 395 529 976 0 836 772 941 341 825 492 732 0 0 431 535 124 577 452 593 609 102 177 612 0 315 94 637 619 847 156 0 257 0 10 0 77 726 0 0 284 497 342 684 709 346 672 156 0 134 804 895 0 419 872 451 0 822 0 602 0 745 328 246 870 863 0 208 
633 0 48 0 885 630 787 764 0 467 917 962 224 0 927 199 983 354 160 551 548 665 425 995 767 851 374 26 343 0 580 982 939 663 608 410 0 0 896 960 420 973 0 147 0 350 541 405 394 925 123 832 924 272 816 0 748 371 785 509 0 261 201 927 0 62 661 827 0 0 0 160 694 347 23 565 322 178 112 769 227 0 228 865 540 0 27 0 509 991 760 239 186 0 744 728 415 0 0 382 554 313 826 982 343 0 594 633 124 971 1 129 0 730 310 354 665 315 0 998 120 0 754 538 284 709 325 437 0 266 0 0 785 0 266 650 920 686 117 0 809 548 0 111 640 0 301 830 310 523 0 0 0 417 483 739 0 33 694 893 20 
213 561 956 484 0 238 686 0 0 395 884 816 496 26 221 0 0 777 388 665 606 0 869 798 460 0 490 818 346 340 0 100 37 214 299 0 800 0 565 824 671 317 72 540 0 127 323 632 504 141 0 117 866 487 396 695 855 475 666 183 0 0 947 255 406 0 588 341 190 966 681 79 321 0 605 0 701 491 179 339 813 588 681 856 0 974 618 902 187 403 271 653 836 76 0 0 501 0 450 597 983 753 996 0 174 160 165 172 727 957 894 0 452 140 0 0 0 94 998 0 440 0 114 85 552 209 0 242 0 277 658 0 504 0 699 994 737 852 284 674 987 274 658 677 207 0 508 0 0 576 588 138 859 917 89 0 2 0 0 380 763 
555 276 145 667 515 0 0 451 934 621 432 125 0 0 0 0 372 0 550 375 378 0 658 283 815 178 569 35 522 352 481 222 100 0 410 552 0 283 0 0 0 789 606 427 663 0 247 62 77 802 750 187 340 927 376 0 0 62 311 602 0 22 647 773 422 637 0 511 0 941 181 27 907 478 960 462 308 654 0 930 488 877 265 0 631 0 985 0 0 835 163 727 500 0 308 980 521 212 822 0 318 117 555 0 986 380 147 455 342 0 146 0 0 22 735 912 643 637 120 440 0 762 492 221 959 174 22 719 222 176 70 944 0 651 209 791 162 974 183 0 0 214 324 0 848 785 171 321 0 388 856 775 0 383 478 0 0 0 917 101 0 
0 918 458 315 0 163 306 645 0 739 342 476 438 0 34 570 694 96 730 0 353 789 778 753 623 770 874 123 909 959 587 645 299 760 955 0 0 543 0 803 467 384 511 499 0 537 376 264 0 0 99 0 0 0 312 799 957 296 727 302 734 0 875 317 0 820 191 601 88 72 0 415 169 705 433 420 448 179 504 705 251 0 906 683 356 128 820 529 652 0 707 130 736 257 203 0 998 661 244 452 120 456 103 988 782 43 385 529 951 243 602 613 0 174 317 752 160 619 0 0 762 0 640 621 232 340 0 345 202 102 977 882 0 290 0 573 0 0 0 0 398 124 899 712 0 135 593 283 0 0 0 859 0 995 0 48 0 0 322 0 584 
576 320 949 362 393 194 327 787 0 778 578 172 0 919 0 280 759 494 305 118 0 924 986 524 796 575 632 0 19 814 0 0 0 0 29 565 291 559 0 228 0 698 819 377 284 312 542 454 0 0 433 200 848 160 499 0 0 0 486 759 967 47 498 0 55 892 169 161 0 162 0 0 211 986 815 163 0 531 559 0 0 0 884 612 0 506 360 492 184 326 126 196 43 986 690 0 209 5 471 989 270 686 243 0 0 116 208 258 334 349 285 0 733 82 0 517 929 847 754 114 492 640 0 0 45 0 901 302 608 881 539 786 0 54 570 278 0 711 386 625 114 187 0 0 319 141 0 0 461 803 15 376 757 346 833 69 6 78 0 202 837 
188 62 0 102 0 513 148 497 692 157 887 0 800 698 62 859 334 816 0 0 180 85 0 957 600 394 465 100 4 0 905 381 669 450 496 0 992 0 942 520 0 239 802 195 762 318 706 531 0 0 0 570 446 0 0 0 332 874 0 105 96 452 907 679 761 432 975 972 141 186 962 3 607 63 720 76 992 0 444 447 341 544 0 582 898 599 815 0 0 0 111 0 515 386 81 941 0 255 365 403 933 676 544 510 737 386 490 745 436 903 677 13 0 831 704 859 181 156 538 85 221 621 0 0 548 592 56 840 0 212 449 0 18 0 535 759 296 40 332 0 436 803 623 307 0 287 820 515 654 376 574 0 0 388 850 644 0 331 41 194 0 
28 736 321 520 0 919 607 685 288 134 436 548 288 93 754 0 881 281 983 0 149 956 497 704 594 834 820 296 0 297 204 354 734 184 778 0 0 837 396 696 290 459 12 525 454 224 356 0 495 682 172 589 741 0 723 564 0 974 261 484 530 429 0 549 0 772 474 187 695 0 674 322 884 309 368 0 0 0 692 144 468 349 793 422 34 234 335 0 71 227 0 789 183 897 0 0 159 0 287 545 545 824 561 0 515 469 0 446 302 225 445 108 597 0 291 789 679 0 284 552 959 232 45 548 0 24 0 956 635 403 0 77 141 469 0 685 917 0 81 516 0 0 0 0 731 444 600 367 382 304 382 356 599 403 0 497 240 910 0 290 37 
872 116 0 966 0 937 555 918 0 453 0 840 973 771 203 181 223 366 0 328 289 0 446 0 666 461 354 236 0 0 165 812 664 349 649 784 143 70 741 53 193 0 347 0 799 321 0 916 554 441 980 680 201 715 901 488 43 619 497 0 135 0 170 152 791 143 913 6 0 0 726 0 792 531 424 620 104 581 570 0 60 813 0 0 0 722 376 125 648 909 562 82 0 596 16 0 166 0 0 540 837 623 109 216 492 9 79 579 286 0 43 838 436 463 0 0 0 257 709 209 174 340 0 592 24 0 106 952 657 0 91 0 248 0 0 227 0 214 586 0 85 410 586 52 0 0 43 353 904 0 892 281 0 346 0 288 180 0 66 87 497 
307 813 0 240 702 849 433 752 357 837 515 0 287 580 232 229 656 752 118 379 48 742 830 0 709 74 115 40 439 0 20 993 356 0 72 98 940 0 998 0 0 745 744 731 277 779 234 0 0 103 35 741 530 0 255 0 324 408 215 412 0 509 959 0 0 0 836 165 151 0 567 714 21 194 0 497 236 96 0 926 129 186 909 606 691 945 949 175 372 340 0 552 407 543 823 0 708 0 534 335 818 68 826 0 407 0 16 684 220 0 347 746 813 78 246 123 437 0 325 0 22 0 901 56 0 106 0 510 0 947 604 571 240 291 0 0 227 812 562 0 386 30 795 386 427 269 460 0 446 240 0 447 0 0 300 0 0 0 227 0 195 
872 277 556 0 317 536 0 267 312 545 0 6 0 994 459 565 703 720 0 332 243 137 721 333 0 733 260 175 0 973 0 70 0 0 900 63 0 189 727 630 496 763 727 253 333 55 0 615 335 254 992 97 978 867 736 461 632 77 259 572 0 343 0 480 886 116 0 951 0 138 348 871 449 0 338 531 386 0 168 0 795 713 848 154 0 12 972 0 975 0 631 35 317 76 632 566 221 0 123 849 831 0 676 426 352 498 387 811 0 604 0 746 0 132 405 614 416 10 437 242 719 345 302 840 956 952 510 0 279 67 0 940 0 64 525 0 203 20 0 269 22 372 0 962 0 507 153 627 0 794 0 436 0 0 398 330 0 0 880 490 999 
601 199 0 0 0 0 674 620 179 952 635 0 763 45 517 0 18 628 933 0 122 76 546 704 179 0 163 664 831 547 591 0 561 0 0 0 560 505 0 980 0 444 815 0 502 382 463 78 172 253 77 451 618 833 984 0 78 0 597 581 917 646 921 438 291 806 118 836 594 0 686 208 0 776 0 501 0 0 346 0 417 361 739 958 0 559 151 854 0 285 84 426 626 0 331 671 393 0 0 307 218 528 355 648 254 926 195 0 954 857 719 331 729 587 292 301 569 0 0 0 222 202 608 0 635 657 0 279 0 137 617 178 411 601 538 48 387 119 0 817 305 0 6 88 0 139 952 0 757 0 438 0 885 0 0 935 363 263 884 284 768 
141 489 0 834 198 0 285 591 498 416 456 719 215 264 436 371 0 0 723 140 0 198 123 447 435 0 63 0 0 60 301 700 804 0 992 17 876 0 0 448 0 641 0 761 651 626 386 171 680 665 155 305 985 259 332 562 720 71 446 502 631 971 0 180 70 370 398 975 429 490 0 731 59 166 349 347 705 561 0 0 555 537 779 0 142 0 980 875 737 0 0 16 304 865 0 0 860 0 0 0 697 0 0 296 335 260 336 903 573 37 763 0 0 8 320 723 0 77 266 277 176 102 881 212 403 0 947 67 137 0 0 697 950 500 363 290 763 25 538 245 521 0 631 191 572 835 401 897 0 0 562 484 261 339 950 280 885 808 73 136 126 
960 0 820 935 0 0 638 0 955 71 637 0 877 75 23 27 777 972 929 623 0 111 517 961 0 0 794 151 0 142 544 306 0 0 0 165 155 667 0 897 819 369 155 82 539 891 309 0 0 85 741 447 126 9 297 566 77 704 158 280 999 723 978 513 806 672 69 0 690 0 696 0 0 985 527 600 0 332 468 126 56 475 548 0 0 301 699 612 48 67 623 0 318 408 833 0 635 712 315 0 518 73 869 399 0 825 137 181 0 406 612 407 0 980 233 0 0 726 0 658 70 977 539 449 0 91 604 0 617 0 0 466 0 682 604 365 784 102 224 636 43 469 156 424 0 565 22 125 0 412 595 567 992 603 126 955 384 293 372 119 991 
749 634 126 0 460 0 769 541 0 0 0 843 274 942 0 471 238 703 0 904 68 0 159 0 401 211 38 277 177 646 774 66 797 0 390 921 474 465 667 226 0 242 0 486 819 0 884 465 279 73 615 0 210 652 445 614 370 0 219 76 0 0 314 119 759 51 974 0 77 852 566 425 936 335 319 0 656 959 441 511 0 30 0 765 433 0 947 0 92 583 906 0 0 787 0 903 0 463 312 623 0 586 0 0 0 274 137 248 616 788 648 888 529 699 160 426 0 0 0 0 944 882 786 0 77 0 571 940 178 697 466 0 0 494 832 184 757 92 44 427 212 0 0 419 603 0 0 196 513 247 0 208 0 188 816 532 0 348 142 857 245 
379 0 73 342 0 0 0 817 0 552 710 271 636 671 0 25 196 874 290 185 0 809 0 0 339 6 0 84 955 297 248 618 770 0 232 0 960 0 183 765 195 0 680 100 0 0 542 0 269 0 60 789 50 0 491 710 937 345 750 0 0 186 621 0 957 282 303 229 99 959 410 312 110 0 639 833 459 632 0 0 842 588 853 600 348 972 197 538 0 583 767 0 0 681 982 403 768 782 0 261 571 444 0 658 449 30 0 781 844 0 0 320 330 0 396 499 0 0 785 504 0 0 0 18 141 248 240 0 411 950 0 0 0 113 67 598 737 0 854 73 453 325 0 793 478 0 604 0 0 0 22 941 366 320 939 0 0 887 99 880 0 
308 0 582 0 972 960 913 0 542 680 920 898 663 589 114 0 809 151 746 867 547 762 959 917 525 934 111 0 0 427 954 550 921 0 372 0 754 159 721 242 833 32 114 0 319 395 347 444 0 0 0 720 462 43 570 0 455 615 355 0 138 155 0 775 753 668 0 144 338 676 872 557 548 968 303 0 124 0 6 0 645 845 459 846 518 531 0 0 957 858 631 391 0 7 0 791 561 862 786 157 452 0 0 582 199 210 639 906 680 917 576 730 166 849 565 0 0 284 0 0 651 290 54 0 469 0 291 64 601 500 682 494 113 0 0 120 311 121 414 0 74 353 240 443 591 0 12 458 394 433 0 455 0 226 766 459 807 44 0 0 828 
804 869 357 0 993 40 0 105 830 153 0 901 398 0 611 199 829 801 912 713 792 460 664 8 0 972 417 808 668 103 494 0 0 549 857 0 764 864 745 18 55 939 62 0 825 0 138 646 18 0 169 349 619 0 373 7 288 233 680 0 7 0 0 442 482 0 512 729 853 0 0 466 965 0 716 163 290 297 945 0 44 0 677 694 638 578 764 254 1 392 12 703 0 866 133 535 429 238 0 654 0 119 534 0 0 0 432 21 482 588 700 653 588 306 547 3 835 497 266 699 209 0 570 535 0 0 0 525 538 363 604 832 67 0 0 834 0 578 0 0 343 0 316 936 288 0 631 301 202 0 572 0 0 249 0 419 674 442 0 527 703 
453 857 414 599 0 530 282 696 946 924 624 0 921 598 0 677 780 394 888 376 831 0 774 208 612 296 605 457 924 432 253 833 346 461 450 471 0 99 0 0 552 17 61 0 0 692 302 539 695 550 306 0 0 652 372 602 615 0 348 0 846 0 397 0 0 995 113 426 0 359 629 145 0 0 965 0 956 12 122 0 352 946 804 0 0 155 923 796 394 432 138 317 674 0 0 867 0 904 307 0 729 483 0 897 370 0 41 939 614 977 165 438 758 970 659 82 857 342 650 994 791 573 278 759 685 227 0 0 48 290 365 184 598 120 834 0 48 0 0 0 518 909 123 32 308 281 54 333 756 193 670 297 835 0 215 536 333 0 673 0 664 
871 168 923 750 720 817 0 611 333 0 142 825 0 608 0 122 494 809 108 532 428 758 0 9 0 141 0 215 262 762 764 0 75 838 15 0 306 837 0 913 93 555 970 142 506 119 11 459 711 292 76 628 51 0 896 304 10 0 932 441 462 70 393 960 393 0 6 814 0 0 0 0 0 591 955 401 986 818 232 584 590 54 0 415 903 556 0 756 863 575 0 736 862 689 882 860 602 999 0 45 842 308 823 0 93 0 531 782 0 767 101 715 0 348 642 694 47 684 920 737 162 0 0 296 917 0 227 203 387 763 784 757 737 311 0 48 0 0 666 498 804 0 0 0 849 837 797 0 332 0 304 652 184 610 46 22 504 0 623 440 276 
532 990 0 443 0 317 380 0 371 845 85 480 0 78 0 531 446 461 495 138 246 0 0 832 489 200 120 849 834 0 905 475 366 740 95 0 377 0 700 569 477 0 0 909 0 0 792 2 764 457 270 570 0 629 480 822 949 117 834 0 922 362 757 237 262 0 0 781 395 472 484 342 304 599 0 0 252 951 271 965 246 27 0 760 0 0 0 0 147 23 65 0 524 0 667 585 488 799 780 266 332 37 349 15 959 552 384 40 409 356 483 336 616 529 229 0 284 709 686 852 974 0 711 40 0 214 812 20 119 25 102 92 0 121 578 0 0 0 0 289 917 0 0 260 0 0 930 385 956 419 0 391 342 376 54 150 20 998 272 422 910 
922 0 453 657 114 640 807 138 0 469 159 0 486 408 0 62 172 0 290 0 669 152 27 0 0 308 999 99 645 999 975 0 967 861 636 0 810 794 586 0 0 750 300 374 749 409 491 504 712 825 822 457 366 35 0 178 636 467 906 949 71 599 373 774 0 614 585 0 512 0 890 597 100 0 348 796 756 791 0 968 0 699 623 817 0 0 322 456 531 0 352 0 157 449 216 433 257 604 5 55 15 426 0 555 0 37 79 0 438 786 835 654 86 988 189 985 769 346 117 284 183 0 386 332 81 586 562 0 0 538 224 44 854 414 0 0 666 0 0 50 909 165 877 407 211 726 431 923 533 766 0 0 0 0 507 9 735 367 0 615 932 
111 218 311 873 652 450 333 145 500 0 410 517 87 363 143 316 616 0 779 118 766 628 422 848 345 76 0 0 0 548 0 0 533 234 428 0 0 368 252 0 158 971 725 0 480 0 585 242 634 115 627 694 992 0 271 736 212 0 0 760 987 427 0 290 693 339 977 0 364 171 986 745 290 598 709 0 786 752 469 150 18 0 734 0 562 934 776 514 771 979 875 862 477 0 0 215 495 843 669 786 689 276 629 0 446 0 572 89 676 148 0 846 0 725 0 495 61 672 0 674 0 0 625 0 516 0 0 269 817 245 636 427 73 0 0 0 498 289 50 0 317 609 824 910 734 0 0 86 0 127 361 245 695 833 415 729 0 915 485 747 0 
0 111 0 388 863 0 402 296 702 446 525 145 449 391 13 0 364 976 0 394 0 0 0 693 0 0 0 501 0 844 642 569 923 278 69 911 0 882 49 770 182 0 98 32 0 0 403 238 474 178 989 219 344 815 435 39 335 547 364 0 904 0 639 472 909 217 651 638 713 757 0 823 99 184 714 103 303 818 431 0 237 97 0 0 0 751 779 913 107 0 646 514 332 0 0 0 776 0 455 945 883 0 0 473 912 141 894 71 751 809 379 0 0 0 0 13 727 156 809 987 0 398 114 436 0 85 386 22 305 521 43 212 453 74 343 518 804 917 909 317 0 707 0 8 844 619 807 0 0 967 0 606 766 10 783 613 332 0 466 648 780 
305 0 0 608 435 47 0 985 0 250 535 785 0 720 0 703 268 0 228 225 891 355 284 928 0 525 153 789 384 581 631 497 711 763 700 0 287 336 266 561 0 0 0 317 0 0 950 245 280 755 15 0 0 64 417 902 281 322 965 0 210 894 281 0 778 573 951 302 0 275 394 280 946 357 516 63 657 102 782 507 640 140 302 0 916 981 919 960 685 0 576 0 284 0 506 623 166 444 145 281 0 917 371 835 468 26 449 208 0 107 0 411 649 43 581 347 390 0 548 274 214 124 187 803 0 410 30 372 0 0 469 0 325 353 0 909 0 0 165 609 707 0 213 0 61 0 117 555 661 361 563 929 262 0 968 475 15 300 924 589 0 
899 792 177 263 565 45 0 0 539 593 250 0 827 949 0 406 199 726 981 449 0 901 497 588 372 374 365 806 739 187 0 381 0 12 801 0 472 0 0 308 0 558 0 939 643 0 47 608 195 216 436 0 988 267 737 0 580 3 352 469 943 74 882 0 715 369 225 826 991 782 123 607 673 807 0 0 0 7 199 885 455 0 0 86 616 0 777 0 23 0 0 146 655 559 498 537 567 475 412 942 374 967 152 648 336 953 0 658 311 246 906 0 0 990 212 316 828 134 0 658 324 899 0 623 0 586 795 0 6 631 156 0 0 240 316 123 0 0 877 824 0 213 0 304 537 0 392 307 0 511 728 0 882 0 985 825 0 438 0 0 439 
96 120 823 327 189 525 947 520 271 212 476 0 845 125 732 0 856 105 0 0 1 144 224 933 350 872 250 937 13 164 0 0 308 0 0 0 0 305 389 309 673 220 427 498 0 0 788 0 102 0 408 599 242 256 356 0 269 0 671 318 0 778 730 0 0 0 132 975 136 270 0 966 79 0 395 612 221 906 893 0 21 0 3 765 156 983 583 533 363 595 277 919 757 851 97 0 779 740 965 686 199 95 517 400 469 0 310 282 0 733 0 0 565 0 266 226 132 804 111 677 0 712 0 307 0 52 386 962 88 191 424 419 793 443 936 32 0 260 407 910 8 0 304 0 375 10 631 720 0 340 0 261 664 0 945 517 46 162 170 568 54 
76 76 931 381 62 824 867 0 0 474 15 713 171 126 234 98 982 89 0 885 572 637 668 633 201 0 0 855 676 2 0 869 97 0 522 451 552 469 14 123 882 503 763 317 877 0 0 768 453 567 0 630 204 568 973 328 494 158 0 648 0 966 913 18 480 364 0 0 207 886 916 146 0 653 411 0 0 0 395 8 228 888 343 489 0 0 400 0 766 709 303 243 376 344 0 0 685 157 788 5 163 0 413 370 538 44 861 471 698 0 962 483 181 366 565 828 365 895 640 207 848 0 319 0 731 0 427 0 0 572 0 603 478 591 288 308 849 0 211 734 844 61 537 375 0 814 90 167 0 720 967 0 117 0 663 666 150 256 0 0 341 
971 98 741 260 0 0 17 798 316 995 318 241 778 976 0 989 934 453 0 117 0 0 0 350 231 212 554 975 597 171 0 54 676 826 337 466 798 0 956 772 348 0 459 447 610 538 0 0 453 963 106 812 560 534 819 609 0 975 995 79 689 230 411 721 516 247 994 649 660 756 682 865 0 864 34 96 453 196 279 864 62 128 0 0 294 447 844 343 1 807 894 0 0 465 210 125 311 841 577 139 260 0 500 946 862 448 850 606 325 586 0 0 0 0 840 650 0 0 0 0 785 135 141 287 444 0 269 507 139 835 565 0 0 0 0 281 837 0 726 0 619 0 0 10 814 0 340 422 0 0 105 267 0 875 959 451 742 0 35 770 0 
979 440 326 188 987 505 0 0 587 0 760 84 882 960 902 0 0 879 0 0 0 529 478 720 531 0 310 94 402 0 0 789 778 609 743 0 826 310 744 100 0 944 893 0 582 0 2 0 838 345 0 643 565 0 515 0 489 583 994 719 0 236 932 143 179 55 0 380 0 241 782 678 0 278 0 0 0 0 675 218 0 0 786 44 707 514 767 0 703 601 0 893 87 847 0 374 0 322 0 660 642 179 0 793 0 89 955 904 301 290 662 256 109 230 67 51 128 419 301 508 171 593 0 820 600 43 460 153 952 401 22 0 604 12 631 54 797 930 431 0 807 117 392 631 90 340 0 613 677 565 379 470 606 0 566 0 0 0 786 943 0 
449 884 517 956 123 13 0 411 932 277 0 946 367 981 0 466 497 0 0 0 980 389 639 0 296 0 355 0 679 223 0 336 0 74 0 285 315 57 0 362 73 492 812 0 874 25 0 0 0 416 0 0 815 879 0 960 653 794 649 0 0 0 74 160 0 962 12 0 718 0 669 288 593 665 0 755 56 668 830 344 488 180 471 729 163 79 840 533 190 429 121 0 0 722 723 30 959 866 631 502 836 728 938 651 0 647 407 733 256 7 166 994 234 182 840 628 0 872 830 0 321 283 0 515 367 353 0 627 0 897 125 196 0 458 301 333 0 385 923 86 0 555 307 720 167 422 613 0 514 271 817 384 230 889 487 368 962 850 515 968 241 
863 618 744 387 0 0 0 848 398 0 750 318 902 241 744 202 187 835 0 456 13 192 0 0 649 763 386 831 241 158 0 10 0 100 624 121 345 835 60 0 718 339 0 0 0 749 166 418 382 518 253 653 825 318 143 140 955 538 507 268 134 0 213 0 0 436 0 638 165 970 416 236 786 412 97 231 130 694 969 91 32 813 26 231 584 521 209 630 887 323 601 26 0 827 925 156 466 0 0 197 0 0 213 418 0 758 962 622 0 251 867 0 88 917 478 395 508 451 310 0 0 0 461 654 382 904 446 0 757 0 0 513 0 394 202 756 332 956 533 0 0 661 0 0 0 0 677 514 0 0 0 0 333 0 158 0 40 0 918 703 20 
51 768 224 703 0 0 152 692 0 180 228 643 654 682 822 585 0 307 190 0 102 238 974 460 0 877 0 214 754 0 992 310 529 0 355 797 0 0 377 143 0 385 544 0 0 956 885 832 0 313 0 0 0 0 324 918 128 310 604 590 181 173 880 127 813 301 501 0 593 261 483 992 547 353 0 419 0 217 716 999 0 804 880 717 885 669 832 0 61 901 236 508 197 675 450 0 994 805 124 0 188 0 775 625 0 921 0 682 274 946 80 0 272 180 959 436 0 0 523 576 388 0 803 376 304 0 240 794 0 0 412 247 0 433 0 193 0 419 766 127 967 361 511 340 720 0 565 271 0 0 234 960 646 0 988 179 0 994 14 0 181 
942 0 245 993 138 0 425 0 756 498 500 113 0 163 34 0 476 431 928 133 474 525 0 995 974 125 393 883 933 563 0 388 452 206 209 0 229 628 349 0 395 636 113 269 243 138 676 879 59 284 906 575 13 494 496 471 0 791 17 704 364 467 754 279 0 431 929 434 940 781 2 486 0 0 0 257 658 188 989 443 0 0 281 945 844 0 0 429 0 323 720 0 732 0 897 202 919 350 752 231 89 681 77 307 33 0 206 432 116 317 372 532 689 0 189 0 864 822 0 588 856 0 15 574 382 892 0 0 438 562 595 0 22 0 572 670 304 0 0 361 0 563 728 0 967 105 379 817 0 234 0 181 247 493 565 393 859 110 719 702 0 
600 913 32 695 911 256 0 0 927 0 997 0 794 0 825 455 0 664 805 0 2 908 0 104 523 0 179 0 0 0 0 0 602 656 0 53 507 437 862 633 513 0 757 317 712 0 67 562 903 8 966 925 121 467 304 179 460 788 837 962 189 0 258 324 208 705 620 861 0 761 0 930 42 0 700 220 806 388 0 0 47 0 582 173 844 872 725 596 121 0 655 0 0 0 0 713 165 0 0 433 171 0 0 0 984 558 0 331 0 406 0 0 848 461 0 0 208 0 0 138 775 859 376 0 356 281 447 436 0 484 567 208 941 455 0 297 652 391 0 245 606 929 0 261 0 267 470 384 0 960 181 0 726 531 514 638 0 423 512 564 309 
353 776 2 847 159 0 6 0 437 861 923 961 927 98 0 749 475 926 815 677 99 962 403 357 901 200 764 443 964 785 326 158 0 315 0 460 257 0 101 0 979 132 0 569 600 0 533 505 0 0 0 241 0 386 438 0 833 294 31 27 661 0 692 267 0 916 903 914 357 613 0 819 720 350 0 965 154 0 0 340 0 141 520 0 63 943 984 632 950 817 905 967 0 457 0 238 0 674 0 253 0 610 0 932 0 515 52 158 418 127 152 105 0 710 179 0 0 602 0 859 0 0 757 0 599 0 0 0 885 261 992 0 366 0 0 835 184 342 0 695 766 262 882 664 117 0 606 230 333 646 247 726 0 0 357 606 773 0 254 889 518 
596 247 0 688 836 0 444 123 925 826 704 0 171 774 550 150 0 0 631 855 852 574 182 37 0 756 0 592 293 6 0 375 0 366 330 929 810 866 833 0 7 306 510 952 964 991 299 506 657 677 0 989 65 622 0 440 179 0 683 505 210 418 0 0 885 425 22 382 740 547 0 472 629 0 716 0 545 795 729 0 354 116 510 451 64 108 719 396 898 759 600 691 738 644 0 686 598 308 445 996 0 0 184 828 0 204 476 660 0 581 192 0 0 643 60 0 223 0 417 917 383 995 346 388 403 346 0 0 0 339 603 188 320 226 249 0 610 376 0 833 10 0 0 0 0 875 0 889 0 0 493 531 0 0 865 101 343 210 90 7 110 
545 321 0 360 0 0 128 394 257 102 629 0 777 827 566 0 977 469 0 172 0 369 376 729 233 92 834 0 0 89 729 286 185 467 639 0 547 527 364 960 825 716 89 466 496 0 113 311 0 953 0 833 540 684 550 793 0 754 0 233 830 251 473 138 618 0 288 324 201 613 876 420 674 105 65 3 297 317 187 0 36 0 765 0 923 406 651 717 754 0 0 545 0 232 0 380 434 132 113 706 28 251 610 733 403 816 427 25 832 481 54 779 669 390 0 669 152 745 483 89 478 0 833 850 0 0 300 398 0 950 126 816 939 766 0 215 46 54 507 415 783 968 985 945 663 959 566 487 158 988 565 514 357 865 0 607 8 0 950 0 0 
216 486 895 16 876 937 780 53 508 0 88 817 0 910 23 356 754 702 342 0 271 0 0 0 523 756 315 0 0 0 835 542 625 0 973 0 924 241 0 468 717 0 947 0 204 888 0 953 688 766 332 848 147 450 931 285 593 0 70 0 182 973 0 900 335 593 962 163 699 404 0 10 268 938 753 882 577 238 884 635 649 0 477 629 0 867 654 0 144 389 997 858 488 916 280 0 6 750 170 246 940 981 676 135 879 338 275 100 338 478 575 633 679 826 271 821 935 328 739 0 0 48 69 644 497 288 0 330 935 280 955 532 0 459 419 536 22 150 9 729 613 475 825 517 666 451 0 368 0 179 393 638 606 101 607 0 287 0 589 56 292 
557 321 468 703 181 954 411 733 715 370 956 197 79 0 977 524 359 129 482 987 113 627 674 338 0 809 794 409 648 364 821 0 566 0 0 37 266 578 0 695 369 860 195 0 457 12 983 302 154 769 0 190 876 0 797 0 652 54 640 0 262 478 169 54 199 459 65 98 26 736 911 20 0 409 0 224 292 196 930 365 242 872 0 412 456 0 394 802 853 0 269 302 812 114 631 741 116 512 0 40 0 313 342 596 129 417 314 424 451 196 180 68 934 0 0 356 617 246 0 2 0 0 6 0 240 180 0 0 363 885 384 0 0 807 674 333 504 20 735 0 332 15 0 46 150 742 0 962 40 0 859 0 773 343 8 287 0 38 515 237 815 
640 556 542 925 198 0 920 176 992 0 0 378 0 232 0 988 718 434 0 585 463 0 0 431 415 0 961 0 351 701 968 485 653 680 319 976 421 986 978 0 392 0 269 0 529 671 0 228 0 470 0 254 0 293 997 0 26 720 609 390 749 0 0 42 844 589 772 675 358 528 456 414 0 792 0 0 0 85 0 888 245 0 873 44 200 0 527 0 737 15 323 476 608 0 562 573 206 0 778 888 0 804 928 130 0 276 763 252 721 0 371 0 0 872 815 916 256 870 33 0 0 0 78 331 910 0 0 0 263 808 293 348 887 44 442 0 0 998 367 915 0 300 438 162 256 0 0 850 0 994 110 423 0 210 0 0 38 0 738 0 610 
0 515 935 81 0 0 307 0 681 0 0 0 421 79 0 0 0 250 455 75 36 656 815 0 0 0 41 231 9 704 0 316 851 0 102 705 0 190 656 115 570 534 0 245 0 0 627 0 944 136 0 616 890 677 738 445 776 73 818 738 484 284 0 0 218 492 555 722 53 567 821 0 0 455 343 668 122 384 674 985 327 310 408 206 0 80 255 733 395 778 733 60 412 322 305 762 450 0 51 522 585 472 281 982 0 346 810 106 355 316 501 634 0 104 658 71 274 863 694 0 917 322 0 41 0 66 227 880 884 73 372 142 99 0 0 673 623 272 0 485 466 924 0 170 0 35 786 515 918 14 719 512 254 90 950 589 515 738 0 0 532 
192 381 772 0 137 734 0 675 402 250 892 906 229 270 364 44 0 0 799 974 125 796 676 825 375 864 622 829 700 0 618 357 150 365 934 0 780 158 729 976 130 902 645 512 672 396 487 113 0 803 626 623 5 868 767 0 241 214 195 667 0 549 935 465 282 0 929 21 239 382 0 245 970 485 577 0 519 0 261 0 488 0 839 0 552 441 708 141 854 283 0 423 0 0 681 98 92 0 881 0 848 974 0 300 0 52 403 0 975 103 0 469 0 0 147 293 67 0 893 380 101 0 202 194 290 87 0 490 284 136 119 857 880 0 527 0 440 422 615 747 648 589 0 568 0 770 943 968 703 0 702 564 889 7 0 56 237 0 0 0 866 
560 56 845 697 386 0 528 234 732 506 0 736 0 0 0 0 737 181 0 0 990 996 295 303 42 367 0 0 0 512 122 309 0 43 960 130 621 34 59 633 844 0 580 508 181 330 0 574 907 152 306 919 425 0 218 961 288 0 0 144 396 0 186 173 0 781 35 729 762 547 0 759 641 182 518 52 7 924 903 144 845 733 0 393 938 0 0 672 0 0 916 720 778 515 865 764 769 230 340 305 162 0 287 0 703 513 178 0 149 163 483 822 0 865 743 576 0 208 20 763 0 584 837 0 37 497 195 999 768 126 991 245 0 828 703 664 276 910 932 0 780 0 439 54 341 0 0 241 20 181 0 309 518 110 0 292 815 610 532 866 0 
